% logfile for Python side
% 1 time (sec)
% 2 Mission state
% 3,4,5 (x,y,h) (m,m,rad)
% 6 Camera frame count
% 7 Line sensor line position
% 8,9 trip A (distance and heading change)
% 10,11 trip B (distance and heading change)
% 1738868189.2023373 robobot/cmd/ti/log 1
1738868189.2439742 0 0.000 0.000 0.000 0 -0.04 0.000 0.000 0.0000 0.0000
1738868189.245114 0 0.000 0.000 0.000 0 -0.04 0.000 0.000 0.0000 0.0000
1738868189.2462323 0 0.000 0.000 0.000 0 -0.04 0.000 0.000 0.0000 0.0000
1738868189.2593884 0 0.000 0.000 0.000 0 -0.04 0.000 0.000 0.0000 0.0000
1738868189.2750125 0 0.000 0.000 0.000 0 -0.04 0.000 0.000 0.0000 0.0000
1738868189.2904332 0 0.000 0.000 0.000 0 -0.04 0.000 0.000 0.0000 0.0000
1738868189.30524 0 0.000 0.000 0.000 0 -0.04 0.000 0.000 0.0000 0.0000
1738868189.3236792 0 0.000 0.000 0.000 0 -0.04 0.000 0.000 0.0000 0.0000
1738868189.335385 0 0.000 0.000 0.000 0 -0.04 0.000 0.000 0.0000 0.0000
1738868189.3506653 0 0.000 0.000 0.000 0 -0.04 0.000 0.000 0.0000 0.0000
1738868189.3654504 0 0.000 0.000 0.000 0 -0.04 0.000 0.000 0.0000 0.0000
1738868189.3807893 0 0.000 0.000 0.000 0 -0.04 0.000 0.000 0.0000 0.0000
1738868189.3956044 0 0.000 0.000 0.000 0 -0.04 0.000 0.000 0.0000 0.0000
1738868189.410952 0 0.000 0.000 0.000 0 -0.04 0.000 0.000 0.0000 0.0000
1738868189.4259923 0 0.000 0.000 0.000 0 -0.04 0.000 0.000 0.0000 0.0000
1738868189.4410923 0 0.000 0.000 0.000 0 -0.04 0.000 0.000 0.0000 0.0000
1738868189.4565809 0 0.000 0.000 0.000 0 -0.04 0.000 0.000 0.0000 0.0000
1738868189.4713805 0 0.000 0.000 0.000 0 -0.04 0.000 0.000 0.0000 0.0000
1738868189.4859598 0 0.000 0.000 0.000 0 -0.04 0.000 0.000 0.0000 0.0000
1738868189.5006294 0 0.000 0.000 0.000 0 -0.04 0.000 0.000 0.0000 0.0000
1738868189.5164483 0 0.000 0.000 0.000 0 -0.04 0.000 0.000 0.0000 0.0000
1738868189.5313747 0 0.000 0.000 0.000 0 -0.04 0.000 0.000 0.0000 0.0000
1738868189.54549 0 0.000 0.000 0.000 0 -0.04 0.000 0.000 0.0000 0.0000
1738868189.5610774 0 0.000 0.000 0.000 0 -0.04 0.000 0.000 0.0000 0.0000
1738868189.5762365 0 0.000 0.000 0.000 0 -0.04 0.000 0.000 0.0000 0.0000
1738868189.591448 0 0.000 0.000 0.000 0 -0.04 0.000 0.000 0.0000 0.0000
1738868189.6065292 0 0.000 0.000 0.000 0 -0.04 0.000 0.000 0.0000 0.0000
1738868189.621042 0 0.000 0.000 0.000 0 -0.04 0.000 0.000 0.0000 0.0000
1738868189.6361666 0 0.000 0.000 0.000 0 -0.04 0.000 0.000 0.0000 0.0000
1738868189.6515841 0 0.000 0.000 0.000 0 -0.04 0.000 0.000 0.0000 0.0000
1738868189.6656754 0 0.000 0.000 0.000 0 -0.04 0.000 0.000 0.0000 0.0000
1738868189.6808507 0 0.000 0.000 0.000 0 -0.04 0.000 0.000 0.0000 0.0000
1738868189.696226 0 0.000 0.000 0.000 0 -0.04 0.000 0.000 0.0000 0.0000
% 1738868189.710447 robobot/cmd/T0/enc0  
% 1738868189.7106304 robobot/cmd/T0/confw 0.075 0.075 19 68 0.23
% 1738868189.710742 robobot/cmd/T0/encrev 1
% 1738868189.710893 robobot/cmd/T0/confi  
1738868189.7114005 0 0.000 0.000 0.000 0 -0.04 0.000 0.000 0.0000 0.0000
1738868189.7258503 0 0.000 0.000 0.000 0 -0.04 0.000 0.000 0.0000 0.0000
1738868189.7413356 0 0.000 0.000 0.000 0 -0.04 0.000 0.000 0.0000 0.0000
1738868189.7565846 0 0.000 0.000 0.000 0 -0.04 0.000 0.000 0.0000 0.0000
1738868189.770954 0 0.000 0.000 0.000 0 -0.04 0.000 0.000 0.0000 0.0000
1738868189.7864673 0 0.000 0.000 0.000 0 -0.04 0.000 0.000 0.0000 0.0000
1738868189.8011167 0 0.000 0.000 0.000 0 -0.04 0.000 0.000 0.0000 0.0000
1738868189.8159747 0 0.000 0.000 0.000 0 -0.04 0.000 0.000 0.0000 0.0000
1738868189.830955 0 0.000 0.000 0.000 0 -0.04 0.000 0.000 0.0000 0.0000
1738868189.8462522 0 0.000 0.000 0.000 0 -0.04 0.000 0.000 0.0000 0.0000
1738868189.8611283 0 0.000 0.000 0.000 0 -0.04 0.000 0.000 0.0000 0.0000
1738868189.8765047 0 0.000 0.000 0.000 0 -0.04 0.000 0.000 0.0000 0.0000
1738868189.8908682 0 0.000 0.000 0.000 0 -0.04 0.000 0.000 0.0000 0.0000
1738868189.9054 0 0.000 0.000 0.000 0 -0.04 0.000 0.000 0.0000 0.0000
1738868189.9216597 0 0.000 0.000 0.000 0 -0.04 0.000 0.000 0.0000 0.0000
1738868189.936651 0 0.000 0.000 0.000 0 -0.04 0.000 0.000 0.0000 0.0000
1738868189.9512477 0 0.000 0.000 0.000 0 -0.04 0.000 0.000 0.0000 0.0000
1738868189.9660943 0 0.000 0.000 0.000 0 -0.04 0.000 0.000 0.0000 0.0000
1738868189.9808433 0 0.000 0.000 0.000 0 -0.04 0.000 0.000 0.0000 0.0000
1738868189.9959466 0 0.000 0.000 0.000 0 -0.04 0.000 0.000 0.0000 0.0000
% 1738868190.007989 robobot/cmd/T0/lip 1
1738868190.0125113 0 0.000 0.000 0.000 0 -0.04 0.000 0.000 0.0000 0.0000
1738868190.0271916 0 0.000 0.000 0.000 0 -0.02 0.000 0.000 0.0000 0.0000
% 1738868190.0285625 robobot/cmd/T0/liwi  
1738868190.0420694 0 0.000 0.000 0.000 1 0.00 0.000 0.000 0.0000 0.0000
% 1738868190.0491724 robobot/cmd/T0/leds 16 0 0 30
% 1738868190.049435 robobot/cmd/ti/rc 0.0 0.0
% 1738868190.0514622 robobot/cmd/ti/rc 0.250 0.000 1738868190.0509121
1738868190.0567343 0 0.000 0.000 0.000 1 0.00 0.000 0.000 0.0000 0.0000
% 1738868190.060451 robobot/cmd/ti/rc 0.250 0.000 1738868190.0601509
% 1738868190.070698 robobot/cmd/ti/rc 0.250 0.000 1738868190.0704544
1738868190.071522 0 0.000 -0.000 0.000 1 0.00 0.000 0.000 0.0000 0.0000
% 1738868190.0809526 robobot/cmd/ti/rc 0.250 0.000 1738868190.080692
1738868190.0866976 0 0.002 -0.000 -0.002 1 0.00 0.000 -0.002 0.0004 -0.0016
% 1738868190.0906334 robobot/cmd/ti/rc 0.250 0.000 1738868190.0903032
% 1738868190.1009684 robobot/cmd/ti/rc 0.250 0.000 1738868190.100724
1738868190.1018863 0 0.005 -0.000 -0.002 1 0.00 0.002 -0.002 0.0022 -0.0016
% 1738868190.111688 robobot/cmd/ti/rc 0.250 0.000 1738868190.1114228
1738868190.1173038 0 0.009 -0.000 -0.002 1 0.00 0.006 -0.002 0.0061 -0.0016
% 1738868190.1246164 robobot/cmd/ti/rc 0.250 0.000 1738868190.124137
% 1738868190.1322906 robobot/cmd/ti/rc 0.250 0.000 1738868190.1319473
1738868190.1329725 0 0.013 -0.000 -0.003 1 0.00 0.010 -0.003 0.0101 -0.0032
% 1738868190.141388 robobot/cmd/ti/rc 0.250 0.000 1738868190.1410596
1738868190.146935 0 0.017 -0.000 -0.005 1 0.00 0.014 -0.005 0.0140 -0.0048
% 1738868190.1508765 robobot/cmd/ti/rc 0.250 0.000 1738868190.1504579
% 1738868190.1607172 robobot/cmd/ti/rc 0.250 0.000 1738868190.160406
1738868190.1616287 0 0.020 -0.000 -0.008 1 0.00 0.017 -0.008 0.0174 -0.0079
% 1738868190.1699674 robobot/cmd/ti/rc 0.250 0.000 1738868190.1697881
1738868190.1766827 0 0.023 -0.000 -0.009 1 0.00 0.021 -0.009 0.0206 -0.0095
% 1738868190.1808054 robobot/cmd/ti/rc 0.250 0.000 1738868190.1805358
% 1738868190.1905491 robobot/cmd/ti/rc 0.250 0.000 1738868190.1902072
1738868190.1925006 0 0.026 -0.000 -0.014 1 0.00 0.024 -0.014 0.0238 -0.0143
% 1738868190.2008667 robobot/cmd/ti/rc 0.250 0.000 1738868190.2006233
1738868190.2066998 0 0.030 -0.000 -0.014 1 0.00 0.027 -0.014 0.0270 -0.0143
% 1738868190.2106707 robobot/cmd/ti/rc 0.250 0.000 1738868190.2102606
% 1738868190.2214398 robobot/cmd/ti/rc 0.250 0.000 1738868190.2211914
1738868190.2222505 0 0.034 -0.000 -0.014 1 0.00 0.031 -0.014 0.0305 -0.0143
% 1738868190.2306006 robobot/cmd/ti/rc 0.250 0.000 1738868190.2303944
1738868190.23707 0 0.037 -0.000 -0.013 1 0.00 0.034 -0.013 0.0341 -0.0127
% 1738868190.2406738 robobot/cmd/ti/rc 0.250 0.000 1738868190.2404609
% 1738868190.2506924 robobot/cmd/ti/rc 0.250 0.000 1738868190.2504754
1738868190.2516773 0 0.041 -0.000 -0.017 1 0.00 0.038 -0.017 0.0378 -0.0174
% 1738868190.2609804 robobot/cmd/ti/rc 0.250 0.000 1738868190.2607193
1738868190.266749 0 0.044 -0.000 -0.017 1 0.00 0.041 -0.017 0.0415 -0.0174
% 1738868190.2706172 robobot/cmd/ti/rc 0.250 0.000 1738868190.2703927
% 1738868190.281141 robobot/cmd/ti/rc 0.250 0.000 1738868190.28091
1738868190.282129 0 0.049 -0.000 -0.019 1 0.00 0.045 -0.019 0.0452 -0.0190
% 1738868190.2903876 robobot/cmd/ti/rc 0.250 0.000 1738868190.2901833
1738868190.2971718 0 0.051 -0.001 -0.014 1 0.00 0.049 -0.014 0.0491 -0.0143
% 1738868190.3010902 robobot/cmd/ti/rc 0.250 0.000 1738868190.3008866
% 1738868190.3110597 robobot/cmd/ti/rc 0.250 0.000 1738868190.3107798
1738868190.312229 0 0.055 -0.001 -0.014 1 0.00 0.053 -0.014 0.0527 -0.0143
% 1738868190.323604 robobot/cmd/ti/rc 0.250 0.000 1738868190.3226225
1738868190.3275943 0 0.059 -0.001 -0.014 1 0.00 0.056 -0.014 0.0563 -0.0143
% 1738868190.3315258 robobot/cmd/ti/rc 0.250 0.000 1738868190.3312562
% 1738868190.3406458 robobot/cmd/ti/rc 0.250 0.000 1738868190.3403993
1738868190.3418236 0 0.063 -0.001 -0.014 2 0.00 0.060 -0.014 0.0600 -0.0143
% 1738868190.35172 robobot/cmd/ti/rc 0.250 0.000 1738868190.351456
1738868190.358 0 0.066 -0.001 -0.016 2 0.00 0.064 -0.016 0.0637 -0.0159
% 1738868190.3613365 robobot/cmd/ti/rc 0.250 0.000 1738868190.3610508
% 1738868190.3711987 robobot/cmd/ti/rc 0.250 0.000 1738868190.370984
1738868190.37215 0 0.070 -0.001 -0.016 2 0.00 0.067 -0.016 0.0674 -0.0159
% 1738868190.38191 robobot/cmd/ti/rc 0.250 0.000 1738868190.381594
1738868190.387508 0 0.074 -0.001 -0.016 2 0.00 0.071 -0.016 0.0712 -0.0159
% 1738868190.3915346 robobot/cmd/ti/rc 0.250 0.000 1738868190.3911128
% 1738868190.4011989 robobot/cmd/ti/rc 0.250 0.000 1738868190.4007695
1738868190.4021604 0 0.078 -0.001 -0.022 2 0.00 0.075 -0.022 0.0750 -0.0222
% 1738868190.41214 robobot/cmd/ti/rc 0.250 0.000 1738868190.4115365
1738868190.4174185 0 0.082 -0.001 -0.022 2 0.00 0.080 -0.022 0.0797 -0.0222
% 1738868190.421589 robobot/cmd/ti/rc 0.250 0.000 1738868190.4213386
1738868190.42824 12 0.084 -0.001 -0.021 2 0.00 0.083 -0.021 0.0831 -0.0206
% 1738868190.4282858 % State change from -1 to 12
% 1738868190.4307554 robobot/cmd/ti/rc 0.250 0.000 1738868190.43058
1738868190.4317644 12 0.085 -0.001 -0.019 2 0.00 0.083 -0.019 0.0831 -0.0190
% 1738868190.441432 robobot/cmd/ti/rc 0.250 0.000 1738868190.4411685
1738868190.447418 12 0.088 -0.001 -0.014 2 0.00 0.086 -0.014 0.0865 -0.0143
% 1738868190.4513698 robobot/cmd/ti/rc 0.250 0.000 1738868190.4508164
% 1738868190.4605203 robobot/cmd/ti/rc 0.250 0.000 1738868190.4602768
1738868190.4626167 12 0.092 -0.001 -0.013 2 0.00 0.090 -0.013 0.0899 -0.0127
% 1738868190.4710279 robobot/cmd/ti/rc 0.250 0.000 1738868190.4708216
1738868190.4766757 12 0.096 -0.001 -0.013 2 0.00 0.093 -0.013 0.0932 -0.0127
% 1738868190.4808826 robobot/cmd/ti/rc 0.250 0.000 1738868190.4803858
% 1738868190.4912362 robobot/cmd/ti/rc 0.250 0.000 1738868190.4907386
1738868190.4919083 12 0.100 -0.001 -0.013 2 0.00 0.097 -0.013 0.0970 -0.0127
% 1738868190.5011466 robobot/cmd/ti/rc 0.250 0.000 1738868190.5009563
1738868190.507629 12 0.103 -0.001 -0.011 2 0.00 0.101 -0.011 0.1008 -0.0111
% 1738868190.5114272 robobot/cmd/ti/rc 0.250 0.000 1738868190.5111575
% 1738868190.522739 robobot/cmd/ti/rc 0.250 0.000 1738868190.5221875
1738868190.523454 12 0.107 -0.001 -0.011 2 0.00 0.105 -0.011 0.1046 -0.0111
% 1738868190.5289137 robobot/cmd/ti/alive 2025-02-06 19:56:29.193156
% 1738868190.52913 robobot/cmd/ti/rc 0.1 0.5
1738868190.5375412 12 0.110 -0.001 -0.011 2 0.00 0.108 -0.011 0.0038 0.0000
1738868190.551936 12 0.113 -0.001 -0.003 2 0.00 0.112 -0.003 0.0072 0.0079
1738868190.5666451 12 0.115 -0.001 0.009 2 0.00 0.114 0.009 0.0097 0.0206
1738868190.5823686 12 0.116 -0.001 0.022 2 0.00 0.155 0.022 0.0503 0.0333
1738868190.5975366 12 0.112 -0.002 0.076 2 0.00 0.155 0.076 0.0501 0.0872
1738868190.6118417 12 0.105 -0.002 0.152 2 0.00 0.149 0.152 0.0443 0.1633
1738868190.6272423 12 0.106 -0.002 0.170 2 0.00 0.145 0.170 0.0401 0.1808
1738868190.6426287 12 0.109 -0.002 0.159 2 0.00 0.146 0.159 0.0418 0.1697
1738868190.657044 12 0.110 -0.002 0.170 2 0.00 0.150 0.170 0.0453 0.1808
1738868190.6728587 12 0.109 -0.002 0.198 2 0.00 0.149 0.198 0.0448 0.2093
1738868190.6869984 12 0.109 -0.002 0.224 2 0.00 0.148 0.224 0.0433 0.2347
1738868190.7022374 12 0.110 -0.001 0.225 2 0.00 0.149 0.225 0.0440 0.2363
1738868190.7170866 12 0.113 -0.001 0.227 2 0.00 0.151 0.227 0.0462 0.2379
1738868190.7329447 12 0.114 -0.001 0.238 2 0.00 0.153 0.238 0.0485 0.2490
1738868190.7430751 14 0.114 -0.001 0.252 3 0.00 0.154 0.252 0.0497 0.2632
% 1738868190.7431262 % State change from 12 to 14
1738868190.7471523 14 0.114 -0.001 0.260 3 0.00 0.154 0.260 0.0497 0.2712
1738868190.7622426 14 0.114 -0.001 0.278 3 0.00 0.154 0.278 0.0498 0.2886
1738868190.778251 14 0.116 -0.000 0.287 3 0.00 0.155 0.287 0.0501 0.2981
1738868190.7924716 14 0.118 0.000 0.289 3 0.00 0.156 0.289 0.0514 0.2997
1738868190.8078868 14 0.120 0.001 0.292 3 0.00 0.158 0.292 0.0532 0.3029
1738868190.8231466 14 0.121 0.001 0.300 3 0.00 0.160 0.300 0.0554 0.3108
1738868190.8385189 14 0.122 0.002 0.316 3 0.00 0.162 0.316 0.0571 0.3267
% 1738868190.8434708 robobot/cmd/ti/alive 2025-02-06 19:56:29.193156
1738868190.8528357 14 0.123 0.002 0.324 3 0.00 0.163 0.324 0.0584 0.3346
1738868190.868005 14 0.124 0.003 0.333 3 0.00 0.164 0.333 0.0596 0.3441
1738868190.882981 14 0.125 0.003 0.341 3 0.00 0.166 0.341 0.0609 0.3520
1738868190.898492 14 0.127 0.003 0.354 3 0.00 0.167 0.354 0.0623 0.3647
1738868190.9128752 14 0.128 0.004 0.363 3 0.00 0.168 0.363 0.0637 0.3742
1738868190.9285495 14 0.129 0.004 0.374 3 0.00 0.170 0.374 0.0651 0.3853
1738868190.9434938 14 0.130 0.005 0.384 3 0.00 0.171 0.384 0.0663 0.3949
1738868190.9574587 14 0.131 0.005 0.395 3 0.00 0.172 0.395 0.0675 0.4060
1738868190.9731905 14 0.132 0.006 0.404 3 0.00 0.173 0.404 0.0687 0.4155
1738868190.9876027 14 0.133 0.006 0.415 3 0.00 0.175 0.415 0.0701 0.4266
1738868191.0028903 14 0.134 0.007 0.425 3 0.00 0.176 0.425 0.0714 0.4361
1738868191.0178604 14 0.135 0.007 0.436 3 0.00 0.177 0.436 0.0726 0.4472
1738868191.0335271 14 0.136 0.008 0.446 3 0.00 0.178 0.446 0.0738 0.4567
1738868191.0866838 14 0.138 0.008 0.455 3 0.00 0.180 0.455 0.0751 0.4662
1738868191.088081 14 0.139 0.009 0.465 3 0.00 0.181 0.465 0.0763 0.4757
1738868191.0891485 14 0.141 0.010 0.469 3 0.00 0.182 0.469 0.0777 0.4805
1738868191.093735 14 0.143 0.011 0.471 3 0.00 0.184 0.471 0.0795 0.4821
1738868191.1079168 14 0.144 0.012 0.476 3 0.00 0.186 0.476 0.0814 0.4868
1738868191.1246994 14 0.146 0.012 0.479 3 0.00 0.188 0.479 0.0834 0.4900
1738868191.1381118 14 0.147 0.013 0.488 3 0.00 0.190 0.488 0.0853 0.4995
1738868191.1532457 14 0.148 0.014 0.499 4 0.00 0.192 0.499 0.0871 0.5106
1738868191.1678767 14 0.149 0.014 0.509 4 0.00 0.193 0.509 0.0887 0.5201
1738868191.1834595 14 0.150 0.015 0.519 4 0.00 0.195 0.519 0.0901 0.5297
1738868191.1978855 14 0.151 0.015 0.530 4 0.00 0.196 0.530 0.0914 0.5408
1738868191.2129846 14 0.152 0.016 0.539 4 0.00 0.197 0.539 0.0927 0.5503
1738868191.2284544 14 0.154 0.017 0.552 4 0.00 0.199 0.552 0.0942 0.5630
1738868191.2432256 14 0.155 0.017 0.561 4 0.00 0.200 0.561 0.0955 0.5725
% 1738868191.247509 robobot/cmd/ti/alive 2025-02-06 19:56:29.193156
1738868191.2583997 14 0.156 0.018 0.571 4 0.00 0.201 0.571 0.0967 0.5820
1738868191.2726443 14 0.156 0.018 0.580 4 0.00 0.202 0.580 0.0979 0.5915
1738868191.2881584 14 0.158 0.019 0.592 4 0.00 0.204 0.592 0.0993 0.6026
1738868191.303485 14 0.159 0.020 0.599 4 0.00 0.205 0.599 0.1006 0.6105
1738868191.3190663 14 0.160 0.021 0.607 4 0.00 0.206 0.607 0.1018 0.6185
1738868191.334759 14 0.162 0.022 0.612 4 0.00 0.208 0.612 0.1031 0.6232
1738868191.3487785 14 0.163 0.023 0.615 4 0.00 0.209 0.615 0.1048 0.6264
1738868191.363603 14 0.165 0.025 0.615 4 0.00 0.211 0.615 0.1069 0.6264
1738868191.3787513 14 0.167 0.026 0.622 4 0.00 0.215 0.622 0.1100 0.6327
1738868191.393989 14 0.167 0.026 0.636 4 0.00 0.216 0.636 0.1117 0.6470
1738868191.408223 14 0.168 0.027 0.649 4 0.00 0.217 0.649 0.1125 0.6597
1738868191.4239938 14 0.169 0.028 0.655 4 0.00 0.218 0.655 0.1132 0.6660
1738868191.438921 14 0.171 0.029 0.660 4 0.00 0.219 0.660 0.1146 0.6708
1738868191.4533727 14 0.173 0.030 0.664 4 0.00 0.221 0.664 0.1165 0.6756
1738868191.4681726 14 0.174 0.031 0.669 4 0.00 0.223 0.669 0.1186 0.6803
1738868191.4839375 14 0.175 0.032 0.680 4 0.00 0.225 0.680 0.1205 0.6914
1738868191.499333 14 0.176 0.032 0.688 4 0.00 0.227 0.688 0.1221 0.6993
1738868191.5138364 14 0.176 0.033 0.703 4 0.00 0.228 0.703 0.1233 0.7136
1738868191.5295208 14 0.177 0.034 0.714 4 0.00 0.228 0.714 0.1238 0.7247
1738868191.543719 14 0.179 0.035 0.720 5 0.00 0.229 0.720 0.1249 0.7311
1738868191.5589151 14 0.180 0.036 0.723 5 0.00 0.231 0.723 0.1262 0.7342
1738868191.5736606 14 0.182 0.038 0.726 5 0.00 0.233 0.726 0.1285 0.7374
1738868191.5887666 14 0.183 0.039 0.734 5 0.00 0.235 0.734 0.1306 0.7453
1738868191.6044374 14 0.183 0.039 0.747 5 0.00 0.237 0.747 0.1323 0.7580
1738868191.6187725 14 0.184 0.040 0.760 5 0.00 0.238 0.760 0.1336 0.7707
1738868191.63435 14 0.185 0.041 0.767 5 0.00 0.239 0.767 0.1348 0.7786
% 1738868191.6423647 robobot/cmd/ti/alive 2025-02-06 19:56:29.193156
1738868191.6484134 14 0.186 0.042 0.775 5 0.00 0.241 0.775 0.1361 0.7866
1738868191.664271 14 0.187 0.043 0.785 5 0.00 0.242 0.785 0.1376 0.7961
1738868191.6795335 14 0.188 0.044 0.794 5 0.00 0.244 0.794 0.1390 0.8056
1738868191.6937268 14 0.189 0.045 0.806 5 0.00 0.245 0.806 0.1406 0.8167
1738868191.7092915 14 0.189 0.045 0.815 5 0.00 0.247 0.815 0.1420 0.8262
1738868191.7248576 14 0.191 0.047 0.823 5 0.00 0.248 0.823 0.1433 0.8341
1738868191.7389722 14 0.192 0.048 0.828 5 0.00 0.249 0.828 0.1446 0.8389
1738868191.754457 14 0.193 0.049 0.834 5 0.00 0.251 0.834 0.1462 0.8452
1738868191.769566 14 0.194 0.051 0.839 5 0.00 0.252 0.839 0.1479 0.8500
1738868191.7835312 14 0.195 0.052 0.844 5 0.00 0.254 0.844 0.1499 0.8548
1738868191.7994602 14 0.196 0.053 0.848 5 0.00 0.256 0.848 0.1517 0.8595
1738868191.8140175 14 0.197 0.054 0.861 5 0.00 0.258 0.861 0.1534 0.8722
1738868191.8292785 14 0.198 0.055 0.874 5 0.00 0.259 0.874 0.1546 0.8849
1738868191.8444474 14 0.199 0.056 0.882 5 0.00 0.260 0.882 0.1557 0.8928
1738868191.85979 14 0.200 0.057 0.888 5 0.00 0.262 0.888 0.1572 0.8992
1738868191.8743029 14 0.201 0.058 0.898 5 0.00 0.263 0.898 0.1586 0.9087
1738868191.8893137 14 0.202 0.060 0.901 5 0.00 0.264 0.901 0.1599 0.9118
1738868191.9045331 14 0.203 0.061 0.907 5 0.00 0.269 0.907 0.1645 0.9182
1738868191.9200017 14 0.203 0.061 0.929 5 0.00 0.270 0.929 0.1658 0.9404
1738868191.936381 14 0.203 0.061 0.952 5 0.00 0.270 0.952 0.1654 0.9626
1738868191.9489589 14 0.204 0.062 0.959 6 0.00 0.271 0.959 0.1661 0.9705
1738868191.9644918 14 0.205 0.064 0.956 6 0.00 0.274 0.956 0.1694 0.9673
1738868191.9793484 14 0.206 0.065 0.971 6 0.00 0.277 0.971 0.1721 0.9816
1738868191.99483 14 0.205 0.065 0.994 6 0.00 0.277 0.994 0.1725 1.0054
1738868192.0090678 14 0.206 0.066 1.002 6 0.00 0.277 1.002 0.1724 1.0133
1738868192.0248365 14 0.207 0.067 1.002 6 0.00 0.278 1.002 0.1735 1.0133
% 1738868192.037551 robobot/cmd/ti/alive 2025-02-06 19:56:29.193156
1738868192.0388966 14 0.209 0.069 1.004 6 0.00 0.280 1.004 0.1758 1.0149
1738868192.0544543 14 0.209 0.071 1.015 6 0.00 0.283 1.015 0.1782 1.0260
1738868192.0689986 14 0.210 0.072 1.026 6 0.00 0.285 1.026 0.1802 1.0371
1738868192.084466 14 0.210 0.073 1.039 6 0.00 0.286 1.039 0.1814 1.0498
1738868192.0999186 14 0.211 0.074 1.048 6 0.00 0.287 1.048 0.1826 1.0593
1738868192.1148996 14 0.212 0.075 1.058 6 0.00 0.288 1.058 0.1837 1.0688
1738868192.1293747 14 0.213 0.076 1.061 6 0.00 0.290 1.061 0.1850 1.0720
1738868192.1447654 14 0.214 0.078 1.067 6 0.00 0.291 1.067 0.1865 1.0783
1738868192.1604824 14 0.214 0.080 1.074 6 0.00 0.293 1.074 0.1884 1.0847
1738868192.1744912 14 0.215 0.081 1.083 6 0.00 0.295 1.083 0.1903 1.0942
1738868192.1902957 14 0.216 0.082 1.094 6 0.00 0.296 1.094 0.1918 1.1053
1738868192.204681 14 0.216 0.082 1.105 6 0.00 0.298 1.105 0.1932 1.1164
1738868192.2203538 14 0.217 0.084 1.115 6 0.00 0.299 1.115 0.1946 1.1259
1738868192.2345915 14 0.217 0.085 1.124 6 0.00 0.300 1.124 0.1959 1.1354
1738868192.2500622 14 0.218 0.086 1.134 6 0.00 0.302 1.134 0.1972 1.1449
1738868192.265347 14 0.218 0.087 1.145 6 0.00 0.303 1.145 0.1985 1.1560
1738868192.280632 14 0.219 0.088 1.156 6 0.00 0.304 1.156 0.1997 1.1671
1738868192.294761 14 0.219 0.089 1.166 6 0.00 0.306 1.166 0.2010 1.1767
1738868192.3107076 14 0.220 0.091 1.177 6 0.00 0.307 1.177 0.2023 1.1878
1738868192.3259919 14 0.220 0.092 1.186 6 0.00 0.308 1.186 0.2036 1.1973
1738868192.3407583 14 0.221 0.093 1.196 7 0.00 0.309 1.196 0.2048 1.2068
1738868192.3551025 14 0.221 0.094 1.205 7 0.00 0.311 1.205 0.2060 1.2163
1738868192.3701174 14 0.222 0.096 1.213 7 0.00 0.312 1.213 0.2073 1.2242
1738868192.38555 14 0.222 0.097 1.215 7 0.00 0.313 1.215 0.2086 1.2258
1738868192.3997388 14 0.223 0.099 1.218 7 0.00 0.315 1.218 0.2106 1.2290
1738868192.4153502 14 0.224 0.101 1.224 7 0.00 0.317 1.224 0.2128 1.2353
1738868192.4304907 14 0.224 0.102 1.237 7 0.00 0.319 1.237 0.2148 1.2480
% 1738868192.4433045 robobot/cmd/ti/alive 2025-02-06 19:56:29.193156
1738868192.445798 14 0.224 0.102 1.251 7 0.00 0.321 1.251 0.2161 1.2623
1738868192.4598894 14 0.225 0.104 1.261 7 0.00 0.322 1.261 0.2170 1.2718
1738868192.475377 14 0.225 0.105 1.267 7 0.00 0.323 1.267 0.2185 1.2782
1738868192.4905505 14 0.226 0.107 1.273 7 0.00 0.325 1.273 0.2201 1.2845
1738868192.505439 14 0.226 0.109 1.275 7 0.00 0.326 1.275 0.2217 1.2861
1738868192.5207942 14 0.227 0.111 1.283 7 0.00 0.328 1.283 0.2235 1.2940
1738868192.5365896 14 0.227 0.112 1.292 7 0.00 0.330 1.292 0.2254 1.3035
1738868192.550916 14 0.227 0.113 1.302 7 0.00 0.330 1.302 0.2257 1.3130
1738868192.5648205 14 0.228 0.115 1.307 7 0.00 0.332 1.307 0.2271 1.3178
1738868192.5803735 14 0.229 0.117 1.307 7 0.00 0.333 1.307 0.2288 1.3178
1738868192.5957365 14 0.229 0.119 1.308 7 0.00 0.335 1.308 0.2309 1.3194
1738868192.611116 14 0.229 0.120 1.319 7 0.00 0.338 1.319 0.2331 1.3305
1738868192.6249092 14 0.230 0.121 1.334 7 0.00 0.340 1.334 0.2350 1.3448
1738868192.641049 14 0.230 0.122 1.346 7 0.00 0.341 1.346 0.2362 1.3574
1738868192.655864 14 0.230 0.124 1.351 7 0.00 0.342 1.351 0.2372 1.3622
1738868192.6705406 14 0.230 0.125 1.361 7 0.00 0.343 1.361 0.2385 1.3717
1738868192.685233 14 0.231 0.126 1.369 7 0.00 0.345 1.369 0.2401 1.3796
1738868192.70066 14 0.231 0.128 1.381 7 0.00 0.346 1.381 0.2416 1.3923
1738868192.7156587 14 0.231 0.129 1.391 7 0.00 0.348 1.391 0.2431 1.4018
1738868192.7315202 14 0.231 0.130 1.402 7 0.00 0.349 1.402 0.2444 1.4129
1738868192.7458155 14 0.232 0.131 1.410 8 0.00 0.350 1.410 0.2458 1.4209
1738868192.7598743 14 0.232 0.132 1.423 8 0.00 0.352 1.423 0.2470 1.4336
1738868192.7753415 14 0.232 0.133 1.432 8 0.00 0.353 1.432 0.2484 1.4431
1738868192.790373 14 0.232 0.135 1.445 8 0.00 0.354 1.445 0.2498 1.4558
1738868192.805885 14 0.232 0.136 1.453 8 0.00 0.356 1.453 0.2511 1.4637
1738868192.8210514 14 0.232 0.138 1.459 8 0.00 0.357 1.459 0.2522 1.4700
1738868192.8367298 14 0.233 0.140 1.462 8 0.00 0.358 1.462 0.2537 1.4732
% 1738868192.8495224 robobot/cmd/ti/alive 2025-02-06 19:56:29.193156
1738868192.8517544 14 0.233 0.142 1.465 8 0.00 0.360 1.465 0.2556 1.4764
1738868192.8660567 14 0.233 0.143 1.472 8 0.00 0.362 1.472 0.2577 1.4827
1738868192.8812327 14 0.233 0.145 1.475 8 0.00 0.364 1.475 0.2595 1.4859
1738868192.8960662 14 0.233 0.147 1.483 8 0.00 0.366 1.483 0.2612 1.4938
1738868192.9116971 14 0.233 0.148 1.492 8 0.00 0.368 1.492 0.2630 1.5033
1738868192.9268012 14 0.234 0.149 1.508 8 0.00 0.368 1.508 0.2636 1.5192
1738868192.9415221 14 0.234 0.151 1.513 8 0.00 0.370 1.513 0.2653 1.5239
1738868192.9555764 14 0.234 0.152 1.521 8 0.00 0.371 1.521 0.2669 1.5319
1738868192.9713988 14 0.234 0.154 1.526 8 0.00 0.373 1.526 0.2685 1.5366
1738868192.9862657 14 0.234 0.155 1.535 8 0.00 0.374 1.535 0.2699 1.5461
1738868193.0015888 14 0.234 0.156 1.545 8 0.00 0.376 1.545 0.2715 1.5557
1738868193.0156643 14 0.234 0.158 1.557 8 0.00 0.378 1.557 0.2731 1.5683
1738868193.0312126 14 0.234 0.159 1.567 8 0.00 0.379 1.567 0.2746 1.5779
1738868193.0467975 14 0.234 0.160 1.576 8 0.00 0.380 1.576 0.2759 1.5874
1738868193.0609064 14 0.234 0.161 1.587 8 0.00 0.382 1.587 0.2772 1.5985
1738868193.076709 14 0.234 0.163 1.597 8 0.00 0.383 1.597 0.2785 1.6080
1738868193.0920541 14 0.234 0.164 1.602 8 0.00 0.384 1.602 0.2799 1.6127
1738868193.1063223 14 0.234 0.166 1.606 8 0.00 0.386 1.606 0.2813 1.6175
1738868193.1217802 14 0.234 0.168 1.610 8 0.00 0.388 1.610 0.2832 1.6207
1738868193.1385489 14 0.234 0.170 1.617 9 0.00 0.390 1.617 0.2851 1.6286
1738868193.151406 14 0.234 0.171 1.629 9 0.00 0.391 1.629 0.2869 1.6397
1738868193.1659014 14 0.234 0.171 1.643 9 0.00 0.393 1.643 0.2881 1.6540
1738868193.181058 14 0.233 0.173 1.651 9 0.00 0.394 1.651 0.2891 1.6619
1738868193.1963315 14 0.233 0.174 1.659 9 0.00 0.395 1.659 0.2903 1.6698
1738868193.2112343 14 0.233 0.176 1.667 9 0.00 0.396 1.667 0.2917 1.6778
1738868193.2269793 14 0.233 0.178 1.671 9 0.00 0.398 1.671 0.2931 1.6825
1738868193.2411015 14 0.233 0.180 1.676 9 0.00 0.399 1.676 0.2948 1.6873
% 1738868193.244736 robobot/cmd/ti/alive 2025-02-06 19:56:29.193156
% 1738868193.2449536 robobot/cmd/ti/rc 0 0
1738868193.2560573 14 0.233 0.182 1.681 9 0.00 0.401 1.681 0.2969 1.6920
1738868193.2717845 14 0.232 0.183 1.686 9 0.00 0.403 1.686 0.2988 1.6968
1738868193.287101 14 0.232 0.183 1.692 9 0.00 0.405 1.692 0.3003 1.7031
1738868193.301019 14 0.232 0.183 1.695 9 0.00 0.406 1.695 0.3012 1.7063
1738868193.3162043 14 0.232 0.183 1.695 9 0.00 0.406 1.695 0.3015 1.7063
1738868193.3311994 14 0.232 0.183 1.695 9 0.00 0.406 1.695 0.3016 1.7063
1738868193.3466582 14 0.232 0.183 1.695 9 0.00 0.406 1.695 0.3016 1.7063
1738868193.3611743 14 0.232 0.183 1.695 9 0.00 0.406 1.695 0.3016 1.7063
1738868193.3766513 14 0.232 0.183 1.695 9 0.00 0.406 1.695 0.3016 1.7063
1738868193.3918774 14 0.232 0.183 1.695 9 0.00 0.406 1.695 0.3016 1.7063
1738868193.4069035 14 0.232 0.183 1.695 9 0.00 0.406 1.695 0.3016 1.7063
1738868193.4214277 14 0.232 0.183 1.695 9 0.00 0.406 1.695 0.3016 1.7063
1738868193.436812 14 0.232 0.183 1.695 9 0.00 0.406 1.695 0.3016 1.7063
1738868193.4522274 14 0.232 0.183 1.695 9 0.00 0.406 1.695 0.3017 1.7063
1738868193.467232 14 0.232 0.183 1.695 9 0.00 0.406 1.695 0.3017 1.7063
1738868193.4826734 14 0.232 0.183 1.695 9 0.00 0.406 1.695 0.3017 1.7063
1738868193.497018 14 0.232 0.183 1.695 9 0.00 0.406 1.695 0.3017 1.7063
1738868193.5123117 14 0.232 0.183 1.695 9 0.00 0.406 1.695 0.3017 1.7063
1738868193.5291684 14 0.232 0.183 1.695 9 0.00 0.406 1.695 0.3017 1.7063
1738868193.5432289 14 0.232 0.183 1.695 9 0.00 0.406 1.695 0.3017 1.7063
1738868193.5496466 20 0.232 0.183 1.695 10 0.00 0.406 1.695 0.3017 1.7063
% 1738868193.5497081 % State change from 14 to 20
1738868193.5580068 20 0.232 0.183 1.695 10 0.00 0.406 1.695 0.3017 1.7063
1738868193.572967 20 0.232 0.183 1.695 10 0.00 0.406 1.695 0.3017 1.7063
1738868193.5874135 20 0.232 0.183 1.695 10 0.00 0.406 1.695 0.3017 1.7063
1738868193.602904 20 0.232 0.183 1.695 10 0.00 0.406 1.695 0.3017 1.7063
1738868193.6168807 20 0.232 0.183 1.695 10 0.00 0.406 1.695 0.3017 1.7063
1738868193.6325877 20 0.232 0.183 1.695 10 0.00 0.406 1.695 0.3017 1.7063
1738868193.647358 20 0.232 0.183 1.695 10 0.00 0.406 1.695 0.3017 1.7063
% 1738868193.6501253 robobot/cmd/ti/alive 2025-02-06 19:56:29.193156
1738868193.6628885 20 0.232 0.183 1.695 10 0.00 0.406 1.695 0.3017 1.7063
1738868193.676943 20 0.232 0.183 1.695 10 0.00 0.406 1.695 0.3017 1.7063
1738868193.693324 20 0.232 0.183 1.695 10 0.00 0.406 1.695 0.3018 1.7063
1738868193.7074218 20 0.232 0.183 1.695 10 0.00 0.406 1.695 0.3018 1.7063
1738868193.7243562 20 0.232 0.183 1.695 10 0.00 0.406 1.695 0.3018 1.7063
1738868193.7381246 20 0.232 0.183 1.695 10 0.00 0.406 1.695 0.3018 1.7063
1738868193.7518177 20 0.232 0.183 1.695 10 0.00 0.406 1.695 0.3018 1.7063
1738868193.7672715 20 0.232 0.183 1.695 10 0.00 0.406 1.695 0.3018 1.7063
1738868193.7825534 20 0.232 0.183 1.695 10 0.00 0.406 1.695 0.3018 1.7063
1738868193.7978926 20 0.232 0.183 1.695 10 0.00 0.406 1.695 0.3018 1.7063
1738868193.812685 20 0.232 0.183 1.695 10 0.00 0.406 1.695 0.3018 1.7063
1738868193.8271468 20 0.232 0.183 1.695 10 0.00 0.406 1.695 0.3018 1.7063
1738868193.8420062 20 0.232 0.183 1.695 10 0.00 0.406 1.695 0.3018 1.7063
1738868193.857153 20 0.232 0.183 1.695 10 0.00 0.406 1.695 0.3018 1.7063
1738868193.872152 20 0.232 0.183 1.695 10 0.00 0.406 1.695 0.3018 1.7063
1738868193.8878434 20 0.232 0.183 1.695 10 0.00 0.406 1.695 0.3018 1.7063
1738868193.902951 20 0.232 0.183 1.695 10 0.00 0.406 1.695 0.3018 1.7063
1738868193.9172244 20 0.232 0.183 1.695 10 0.00 0.406 1.695 0.3018 1.7063
1738868193.932968 20 0.232 0.183 1.695 10 0.00 0.406 1.695 0.3018 1.7063
% 1738868193.9441369 robobot/cmd/T0/leds 16 0 64 0
1738868193.9474149 20 0.232 0.183 1.695 11 0.00 0.406 1.695 0.3018 1.7063
1738868193.9628294 20 0.232 0.183 1.695 11 0.00 0.406 1.695 0.3018 1.7063
1738868193.9773571 20 0.232 0.183 1.695 11 0.00 0.406 1.695 0.3018 1.7063
1738868193.9931073 20 0.232 0.183 1.695 11 0.00 0.406 1.695 0.3018 1.7063
1738868194.0068738 20 0.232 0.183 1.695 11 0.00 0.406 1.695 0.3018 1.7063
1738868194.0222902 20 0.232 0.183 1.695 11 0.00 0.406 1.695 0.3018 1.7063
1738868194.037274 20 0.232 0.183 1.695 11 0.00 0.406 1.695 0.3018 1.7063
1738868194.0527034 20 0.232 0.183 1.695 11 0.00 0.406 1.695 0.3018 1.7063
1738868194.0673318 20 0.232 0.183 1.695 11 0.00 0.406 1.695 0.3018 1.7063
1738868194.082933 20 0.232 0.183 1.695 11 0.00 0.406 1.695 0.3018 1.7063
1738868194.0973952 20 0.232 0.183 1.695 11 0.00 0.406 1.695 0.3018 1.7063
1738868194.1135495 20 0.232 0.183 1.695 11 0.00 0.406 1.695 0.3018 1.7063
1738868194.127992 20 0.232 0.183 1.695 11 0.00 0.406 1.695 0.3018 1.7063
1738868194.1429317 20 0.232 0.183 1.695 11 0.00 0.406 1.695 0.3018 1.7063
1738868194.1579008 20 0.232 0.183 1.695 11 0.00 0.406 1.695 0.3018 1.7063
1738868194.172712 20 0.232 0.183 1.695 11 0.00 0.406 1.695 0.3018 1.7063
1738868194.188256 20 0.232 0.183 1.695 11 0.00 0.406 1.695 0.3018 1.7063
1738868194.2036712 20 0.232 0.183 1.695 11 0.00 0.406 1.695 0.3018 1.7063
1738868194.2178578 20 0.232 0.183 1.695 11 0.00 0.406 1.695 0.3018 1.7063
1738868194.2335765 20 0.232 0.183 1.695 11 0.00 0.406 1.695 0.3018 1.7063
1738868194.248224 20 0.232 0.183 1.695 11 0.00 0.406 1.695 0.3018 1.7063
1738868194.2638144 20 0.232 0.183 1.695 11 0.00 0.406 1.695 0.3018 1.7063
1738868194.2778506 20 0.232 0.183 1.695 11 0.00 0.406 1.695 0.3018 1.7063
1738868194.293356 20 0.232 0.183 1.695 11 0.00 0.406 1.695 0.3018 1.7063
1738868194.3082776 20 0.232 0.183 1.695 11 0.00 0.406 1.695 0.3018 1.7063
1738868194.32464 20 0.232 0.183 1.695 11 0.00 0.406 1.695 0.3018 1.7063
1738868194.338817 20 0.232 0.183 1.695 12 0.00 0.406 1.695 0.3018 1.7063
1738868194.3532739 20 0.232 0.183 1.695 12 0.00 0.406 1.695 0.3018 1.7063
1738868194.3682249 20 0.232 0.183 1.695 12 0.00 0.406 1.695 0.3018 1.7063
1738868194.3833683 20 0.232 0.183 1.695 12 0.00 0.406 1.695 0.3018 1.7063
1738868194.3988738 20 0.232 0.183 1.695 12 0.00 0.406 1.695 0.3018 1.7063
1738868194.413239 20 0.232 0.183 1.695 12 0.00 0.406 1.695 0.3018 1.7063
1738868194.428348 20 0.232 0.183 1.695 12 0.00 0.406 1.695 0.3018 1.7063
% 1738868194.4385817 robobot/cmd/ti/alive 2025-02-06 19:56:29.193156
1738868194.443005 20 0.232 0.183 1.695 12 -0.03 0.406 1.695 0.3018 1.7063
1738868194.458413 20 0.232 0.183 1.695 12 -0.03 0.406 1.695 0.3018 1.7063
1738868194.4735944 20 0.232 0.183 1.695 12 -0.03 0.406 1.695 0.3018 1.7063
1738868194.48867 20 0.232 0.183 1.695 12 -0.03 0.406 1.695 0.3018 1.7063
1738868194.50372 20 0.232 0.183 1.695 12 -0.04 0.406 1.695 0.3018 1.7063
1738868194.5184996 20 0.232 0.183 1.695 12 -0.04 0.406 1.695 0.3018 1.7063
1738868194.5354269 20 0.232 0.183 1.695 12 -0.04 0.406 1.695 0.3018 1.7063
1738868194.5482397 20 0.232 0.183 1.695 12 -0.04 0.406 1.695 0.3018 1.7063
1738868194.5637662 20 0.232 0.183 1.695 12 -0.04 0.406 1.695 0.3018 1.7063
1738868194.5777864 20 0.232 0.183 1.695 12 -0.04 0.406 1.695 0.3018 1.7063
1738868194.5934124 20 0.232 0.183 1.695 12 -0.04 0.406 1.695 0.3018 1.7063
1738868194.6082654 20 0.232 0.183 1.695 12 -0.04 0.406 1.695 0.3018 1.7063
1738868194.6237483 20 0.232 0.183 1.695 12 -0.04 0.406 1.695 0.3018 1.7063
1738868194.6385407 20 0.232 0.183 1.695 12 -0.04 0.406 1.695 0.3018 1.7063
1738868194.653339 20 0.232 0.183 1.695 12 -0.04 0.406 1.695 0.3018 1.7063
1738868194.6687324 20 0.232 0.183 1.695 12 -0.04 0.406 1.695 0.3018 1.7063
1738868194.6839764 20 0.232 0.183 1.695 12 -0.04 0.406 1.695 0.3018 1.7063
1738868194.698005 20 0.232 0.183 1.695 12 -0.04 0.406 1.695 0.3018 1.7063
1738868194.7144525 20 0.232 0.183 1.695 12 -0.04 0.406 1.695 0.3018 1.7063
1738868194.7296202 20 0.232 0.183 1.695 12 -0.04 0.406 1.695 0.3018 1.7063
1738868194.7440467 20 0.232 0.183 1.695 12 -0.04 0.406 1.695 0.3018 1.7063
% 1738868194.752681 robobot/cmd/T0/leds 16 0 30 30
1738868194.7592232 20 0.232 0.183 1.695 13 -0.04 0.406 1.695 0.3018 1.7063
1738868194.7732785 20 0.232 0.183 1.695 13 -0.04 0.406 1.695 0.3018 1.7063
1738868194.7887084 20 0.232 0.183 1.695 13 -0.04 0.406 1.695 0.3018 1.7063
1738868194.8039556 20 0.232 0.183 1.695 13 -0.04 0.406 1.695 0.3018 1.7063
1738868194.818349 20 0.232 0.183 1.695 13 -0.04 0.406 1.695 0.3018 1.7063
1738868194.833393 20 0.232 0.183 1.695 13 -0.05 0.406 1.695 0.3018 1.7063
1738868194.848639 20 0.232 0.183 1.695 13 -0.05 0.406 1.695 0.3018 1.7063
1738868194.8643394 20 0.232 0.183 1.695 13 -0.05 0.406 1.695 0.3018 1.7063
1738868194.8794377 20 0.232 0.183 1.695 13 -0.05 0.406 1.695 0.3018 1.7063
1738868194.894272 20 0.232 0.183 1.695 13 -0.05 0.406 1.695 0.3018 1.7063
1738868194.9099233 20 0.232 0.183 1.695 13 -0.05 0.406 1.695 0.3018 1.7063
1738868194.9255633 20 0.232 0.183 1.695 13 -0.05 0.406 1.695 0.3018 1.7063
1738868194.939295 20 0.232 0.183 1.695 13 -0.05 0.406 1.695 0.3018 1.7063
1738868194.9548657 20 0.232 0.183 1.695 13 -0.05 0.406 1.695 0.3018 1.7063
1738868194.9695446 20 0.232 0.183 1.695 13 -0.05 0.406 1.695 0.3018 1.7063
1738868194.9842448 20 0.232 0.183 1.695 13 -0.05 0.406 1.695 0.3018 1.7063
1738868194.9995003 20 0.232 0.183 1.695 13 -0.05 0.406 1.695 0.3018 1.7063
1738868195.0149324 20 0.232 0.183 1.695 13 -0.05 0.406 1.695 0.3018 1.7063
1738868195.0296922 20 0.232 0.183 1.695 13 -0.05 0.406 1.695 0.3018 1.7063
1738868195.044758 20 0.232 0.183 1.695 13 -0.05 0.406 1.695 0.3018 1.7063
1738868195.0591216 20 0.232 0.183 1.695 13 -0.05 0.406 1.695 0.3018 1.7063
1738868195.0742605 20 0.232 0.183 1.695 13 -0.05 0.406 1.695 0.3018 1.7063
1738868195.0890133 20 0.232 0.183 1.695 13 -0.05 0.406 1.695 0.3018 1.7063
1738868195.1045008 20 0.232 0.183 1.695 13 -0.05 0.406 1.695 0.3018 1.7063
1738868195.120211 20 0.232 0.183 1.695 13 -0.05 0.406 1.695 0.3018 1.7063
1738868195.1346068 20 0.232 0.183 1.695 13 -0.05 0.406 1.695 0.3018 1.7063
1738868195.1496594 20 0.232 0.183 1.695 14 -0.05 0.406 1.695 0.3018 1.7063
1738868195.1647744 20 0.232 0.183 1.695 14 -0.05 0.406 1.695 0.3018 1.7063
1738868195.179292 20 0.232 0.183 1.695 14 -0.05 0.406 1.695 0.3018 1.7063
1738868195.1943169 20 0.232 0.183 1.695 14 -0.05 0.406 1.695 0.3018 1.7063
1738868195.209663 20 0.232 0.183 1.695 14 -0.05 0.406 1.695 0.3018 1.7063
1738868195.2247417 20 0.232 0.183 1.695 14 -0.05 0.406 1.695 0.3018 1.7063
1738868195.240025 20 0.232 0.183 1.695 14 -0.05 0.406 1.695 0.3018 1.7063
% 1738868195.247966 robobot/cmd/ti/alive 2025-02-06 19:56:29.193156
1738868195.2547278 20 0.232 0.183 1.695 14 -0.05 0.406 1.695 0.3018 1.7063
1738868195.2700095 20 0.232 0.183 1.695 14 -0.05 0.406 1.695 0.3018 1.7063
1738868195.284874 20 0.232 0.183 1.695 14 -0.05 0.406 1.695 0.3018 1.7063
1738868195.2995718 20 0.232 0.183 1.695 14 -0.05 0.406 1.695 0.3018 1.7063
1738868195.3145313 20 0.232 0.183 1.695 14 -0.05 0.406 1.695 0.3018 1.7063
1738868195.329524 20 0.232 0.183 1.695 14 -0.05 0.406 1.695 0.3018 1.7063
1738868195.344786 20 0.232 0.183 1.695 14 -0.05 0.406 1.695 0.3018 1.7063
1738868195.3597546 20 0.232 0.183 1.695 14 -0.05 0.406 1.695 0.3018 1.7063
1738868195.3743944 20 0.232 0.183 1.695 14 -0.05 0.406 1.695 0.3018 1.7063
1738868195.3896346 20 0.232 0.183 1.695 14 -0.05 0.406 1.695 0.3018 1.7063
1738868195.4049969 20 0.232 0.183 1.695 14 -0.05 0.406 1.695 0.3018 1.7063
1738868195.4196956 20 0.232 0.183 1.695 14 -0.05 0.406 1.695 0.3018 1.7063
1738868195.4346302 20 0.232 0.183 1.695 14 -0.06 0.406 1.695 0.3018 1.7063
1738868195.4500394 20 0.232 0.183 1.695 14 -0.06 0.406 1.695 0.3018 1.7063
1738868195.4651885 20 0.232 0.183 1.695 14 -0.06 0.406 1.695 0.3018 1.7063
1738868195.4791114 20 0.232 0.183 1.695 14 -0.06 0.406 1.695 0.3018 1.7063
1738868195.4946177 20 0.232 0.183 1.695 14 -0.06 0.406 1.695 0.3018 1.7063
1738868195.5100055 20 0.232 0.183 1.695 14 -0.06 0.406 1.695 0.3018 1.7063
1738868195.5256314 20 0.232 0.183 1.695 14 -0.06 0.406 1.695 0.3018 1.7063
1738868195.5404809 20 0.232 0.183 1.695 15 -0.06 0.406 1.695 0.3018 1.7063
1738868195.555068 20 0.232 0.183 1.695 15 -0.06 0.406 1.695 0.3018 1.7063
1738868195.570616 20 0.232 0.183 1.695 15 -0.06 0.406 1.695 0.3018 1.7063
1738868195.585787 20 0.232 0.183 1.695 15 -0.06 0.406 1.695 0.3018 1.7063
1738868195.6001196 20 0.232 0.183 1.695 15 -0.06 0.406 1.695 0.3018 1.7063
1738868195.6161034 20 0.232 0.183 1.695 15 -0.06 0.406 1.695 0.3018 1.7063
1738868195.6300666 20 0.232 0.183 1.695 15 -0.06 0.406 1.695 0.3018 1.7063
1738868195.645424 20 0.232 0.183 1.695 15 -0.06 0.406 1.695 0.3018 1.7063
1738868195.6609168 20 0.232 0.183 1.695 15 -0.06 0.406 1.695 0.3018 1.7063
1738868195.6761897 20 0.232 0.183 1.695 15 -0.06 0.406 1.695 0.3018 1.7063
1738868195.6906214 20 0.232 0.183 1.695 15 -0.06 0.406 1.695 0.3018 1.7063
1738868195.7051494 20 0.232 0.183 1.695 15 -0.06 0.406 1.695 0.3018 1.7063
1738868195.7203853 20 0.232 0.183 1.695 15 -0.06 0.406 1.695 0.3018 1.7063
1738868195.7366347 20 0.232 0.183 1.695 15 -0.06 0.406 1.695 0.3018 1.7063
1738868195.750296 20 0.232 0.183 1.695 15 -0.06 0.406 1.695 0.3018 1.7063
1738868195.765946 20 0.232 0.183 1.695 15 -0.06 0.406 1.695 0.3018 1.7063
1738868195.781382 20 0.232 0.183 1.695 15 -0.06 0.406 1.695 0.3018 1.7063
1738868195.7958863 20 0.232 0.183 1.695 15 -0.06 0.406 1.695 0.3018 1.7063
1738868195.8105762 20 0.232 0.183 1.695 15 -0.06 0.406 1.695 0.3018 1.7063
% 1738868195.819352 robobot/cmd/T0/leds 16 0 64 0
1738868195.825936 20 0.232 0.183 1.695 15 -0.06 0.406 1.695 0.3018 1.7063
1738868195.841102 20 0.232 0.183 1.695 15 -0.06 0.406 1.695 0.3018 1.7063
1738868195.8578522 20 0.232 0.183 1.695 15 -0.06 0.406 1.695 0.3018 1.7063
1738868195.8709571 20 0.232 0.183 1.695 15 -0.06 0.406 1.695 0.3018 1.7063
1738868195.8856173 20 0.232 0.183 1.695 15 -0.06 0.406 1.695 0.3018 1.7063
1738868195.9004934 20 0.232 0.183 1.695 15 -0.06 0.406 1.695 0.3018 1.7063
1738868195.915374 20 0.232 0.183 1.695 15 -0.06 0.406 1.695 0.3018 1.7063
1738868195.9305627 20 0.232 0.183 1.695 15 -0.06 0.406 1.695 0.3018 1.7063
1738868195.9463165 20 0.232 0.183 1.695 15 -0.06 0.406 1.695 0.3018 1.7063
1738868195.960444 20 0.232 0.183 1.695 15 -0.06 0.406 1.695 0.3018 1.7063
1738868195.975896 20 0.232 0.183 1.695 15 -0.06 0.406 1.695 0.3018 1.7063
1738868195.9910295 20 0.232 0.183 1.695 15 -0.06 0.406 1.695 0.3018 1.7063
1738868196.006371 20 0.232 0.183 1.695 15 -0.06 0.406 1.695 0.3018 1.7063
1738868196.0202012 20 0.232 0.183 1.695 15 -0.06 0.406 1.695 0.3018 1.7063
1738868196.0357788 20 0.232 0.183 1.695 15 -0.07 0.406 1.695 0.3018 1.7063
1738868196.0512 20 0.232 0.183 1.695 15 -0.07 0.406 1.695 0.3018 1.7063
1738868196.065841 20 0.232 0.183 1.695 15 -0.07 0.406 1.695 0.3018 1.7063
1738868196.081254 20 0.232 0.183 1.695 15 -0.07 0.406 1.695 0.3018 1.7063
1738868196.0955842 20 0.232 0.183 1.695 15 -0.06 0.406 1.695 0.3018 1.7063
1738868196.1108599 20 0.232 0.183 1.695 15 -0.06 0.406 1.695 0.3018 1.7063
1738868196.1261773 20 0.232 0.183 1.695 15 -0.06 0.406 1.695 0.3018 1.7063
1738868196.1411932 20 0.232 0.183 1.695 16 -0.06 0.406 1.695 0.3018 1.7063
1738868196.1557424 20 0.232 0.183 1.695 16 -0.07 0.406 1.695 0.3018 1.7063
1738868196.1709492 20 0.232 0.183 1.695 16 -0.06 0.406 1.695 0.3018 1.7063
1738868196.186101 20 0.232 0.183 1.695 16 -0.06 0.406 1.695 0.3018 1.7063
1738868196.2016468 20 0.232 0.183 1.695 16 -0.06 0.406 1.695 0.3018 1.7063
1738868196.2170427 20 0.232 0.183 1.695 16 -0.06 0.406 1.695 0.3018 1.7063
1738868196.2322452 20 0.232 0.183 1.695 16 -0.06 0.406 1.695 0.3018 1.7063
% 1738868196.2444944 robobot/cmd/ti/alive 2025-02-06 19:56:29.193156
1738868196.2460864 20 0.232 0.183 1.695 16 -0.06 0.406 1.695 0.3018 1.7063
1738868196.2616649 20 0.232 0.183 1.695 16 -0.06 0.406 1.695 0.3018 1.7063
1738868196.2770667 20 0.232 0.183 1.695 16 -0.06 0.406 1.695 0.3018 1.7063
1738868196.291192 20 0.232 0.183 1.695 16 -0.06 0.406 1.695 0.3018 1.7063
1738868196.3064864 20 0.232 0.183 1.695 16 -0.06 0.406 1.695 0.3018 1.7063
1738868196.3227003 20 0.232 0.183 1.695 16 -0.06 0.406 1.695 0.3018 1.7063
1738868196.33856 20 0.232 0.183 1.695 16 -0.06 0.406 1.695 0.3018 1.7063
1738868196.3518398 20 0.232 0.183 1.695 16 -0.06 0.406 1.695 0.3018 1.7063
1738868196.366079 20 0.232 0.183 1.695 16 -0.06 0.406 1.695 0.3018 1.7063
1738868196.3809934 20 0.232 0.183 1.695 16 -0.06 0.406 1.695 0.3018 1.7063
1738868196.3964593 20 0.232 0.183 1.695 16 -0.06 0.406 1.695 0.3018 1.7063
1738868196.4115765 20 0.232 0.183 1.695 16 -0.06 0.406 1.695 0.3018 1.7063
1738868196.4271624 20 0.232 0.183 1.695 16 -0.06 0.406 1.695 0.3018 1.7063
1738868196.4409695 20 0.232 0.183 1.695 16 -0.06 0.406 1.695 0.3018 1.7063
1738868196.4564307 20 0.232 0.183 1.695 16 -0.06 0.406 1.695 0.3018 1.7063
1738868196.4715934 20 0.232 0.183 1.695 16 -0.06 0.406 1.695 0.3018 1.7063
1738868196.4870772 20 0.232 0.183 1.695 16 -0.06 0.406 1.695 0.3018 1.7063
1738868196.5009847 20 0.232 0.183 1.695 16 -0.06 0.406 1.695 0.3018 1.7063
1738868196.5172215 20 0.232 0.183 1.695 16 -0.06 0.406 1.695 0.3018 1.7063
1738868196.5327363 20 0.232 0.183 1.695 16 -0.06 0.406 1.695 0.3018 1.7063
% 1738868196.5393429 robobot/cmd/T0/leds 16 0 30 30
1738868196.5464585 20 0.232 0.183 1.695 17 -0.06 0.406 1.695 0.3018 1.7063
1738868196.5617945 20 0.232 0.183 1.695 17 -0.06 0.406 1.695 0.3018 1.7063
1738868196.5768056 20 0.232 0.183 1.695 17 -0.06 0.406 1.695 0.3018 1.7063
1738868196.5922244 20 0.232 0.183 1.695 17 -0.06 0.406 1.695 0.3018 1.7063
1738868196.6070726 20 0.232 0.183 1.695 17 -0.06 0.406 1.695 0.3018 1.7063
1738868196.6212945 20 0.232 0.183 1.695 17 -0.06 0.406 1.695 0.3018 1.7063
1738868196.6364264 20 0.232 0.183 1.695 17 -0.05 0.406 1.695 0.3018 1.7063
1738868196.652103 20 0.232 0.183 1.695 17 -0.06 0.406 1.695 0.3018 1.7063
1738868196.6665893 20 0.232 0.183 1.695 17 -0.06 0.406 1.695 0.3018 1.7063
1738868196.6817706 20 0.232 0.183 1.695 17 -0.06 0.406 1.695 0.3018 1.7063
1738868196.6968613 20 0.232 0.183 1.695 17 -0.06 0.406 1.695 0.3018 1.7063
1738868196.7115438 20 0.232 0.183 1.695 17 -0.06 0.406 1.695 0.3018 1.7063
1738868196.7267294 20 0.232 0.183 1.695 17 -0.06 0.406 1.695 0.3018 1.7063
1738868196.7415624 20 0.232 0.183 1.695 17 -0.06 0.406 1.695 0.3018 1.7063
1738868196.7570693 20 0.232 0.183 1.695 17 -0.06 0.406 1.695 0.3018 1.7063
1738868196.7720554 20 0.232 0.183 1.695 17 -0.06 0.406 1.695 0.3018 1.7063
1738868196.7863865 20 0.232 0.183 1.695 17 -0.06 0.406 1.695 0.3018 1.7063
1738868196.8015573 20 0.232 0.183 1.695 17 -0.06 0.406 1.695 0.3018 1.7063
1738868196.8171833 20 0.232 0.183 1.695 17 -0.06 0.406 1.695 0.3018 1.7063
1738868196.8318827 20 0.232 0.183 1.695 17 -0.06 0.406 1.695 0.3018 1.7063
1738868196.8464303 20 0.232 0.183 1.695 17 -0.06 0.406 1.695 0.3018 1.7063
1738868196.8628757 20 0.232 0.183 1.695 17 -0.06 0.406 1.695 0.3018 1.7063
1738868196.8773918 20 0.232 0.183 1.695 17 -0.06 0.406 1.695 0.3018 1.7063
1738868196.8920147 20 0.232 0.183 1.695 17 -0.06 0.406 1.695 0.3018 1.7063
1738868196.9078987 20 0.232 0.183 1.695 17 -0.06 0.406 1.695 0.3018 1.7063
1738868196.9232843 20 0.232 0.183 1.695 17 -0.06 0.406 1.695 0.3018 1.7063
1738868196.9390578 20 0.232 0.183 1.695 17 -0.06 0.406 1.695 0.3018 1.7063
1738868196.9522 20 0.232 0.183 1.695 18 -0.06 0.406 1.695 0.3018 1.7063
1738868196.9680586 20 0.232 0.183 1.695 18 -0.06 0.406 1.695 0.3018 1.7063
1738868196.9834828 20 0.232 0.183 1.695 18 -0.06 0.406 1.695 0.3018 1.7063
1738868196.9973977 20 0.232 0.183 1.695 18 -0.06 0.406 1.695 0.3018 1.7063
1738868197.0123103 20 0.232 0.183 1.695 18 -0.06 0.406 1.695 0.3018 1.7063
1738868197.0279455 20 0.232 0.183 1.695 18 -0.06 0.406 1.695 0.3018 1.7063
1738868197.0430555 20 0.232 0.183 1.695 18 -0.06 0.406 1.695 0.3018 1.7063
% 1738868197.046905 robobot/cmd/ti/alive 2025-02-06 19:56:29.193156
1738868197.0582957 20 0.232 0.183 1.695 18 -0.06 0.406 1.695 0.3018 1.7063
1738868197.072499 20 0.232 0.183 1.695 18 -0.06 0.406 1.695 0.3018 1.7063
1738868197.0876875 20 0.232 0.183 1.695 18 -0.06 0.406 1.695 0.3018 1.7063
1738868197.1025808 20 0.232 0.183 1.695 18 -0.06 0.406 1.695 0.3018 1.7063
1738868197.1181092 20 0.232 0.183 1.695 18 -0.06 0.406 1.695 0.3018 1.7063
1738868197.1324327 20 0.232 0.183 1.695 18 -0.06 0.406 1.695 0.3018 1.7063
1738868197.1479201 20 0.232 0.183 1.695 18 -0.06 0.406 1.695 0.3018 1.7063
1738868197.163509 20 0.232 0.183 1.695 18 -0.06 0.406 1.695 0.3018 1.7063
1738868197.1777208 20 0.232 0.183 1.695 18 -0.06 0.406 1.695 0.3018 1.7063
1738868197.1928701 20 0.232 0.183 1.695 18 -0.06 0.406 1.695 0.3018 1.7063
1738868197.2078776 20 0.232 0.183 1.695 18 -0.06 0.406 1.695 0.3018 1.7063
1738868197.2235773 20 0.232 0.183 1.695 18 -0.06 0.406 1.695 0.3018 1.7063
1738868197.2372916 20 0.232 0.183 1.695 18 0.00 0.406 1.695 0.3018 1.7063
1738868197.2524047 20 0.232 0.183 1.695 18 0.00 0.406 1.695 0.3018 1.7063
1738868197.2676468 20 0.232 0.183 1.695 18 0.00 0.406 1.695 0.3018 1.7063
1738868197.2830088 20 0.232 0.183 1.695 18 0.00 0.406 1.695 0.3018 1.7063
1738868197.2983184 20 0.232 0.183 1.695 18 0.00 0.406 1.695 0.3018 1.7063
1738868197.3134394 20 0.232 0.183 1.695 18 0.00 0.406 1.695 0.3018 1.7063
1738868197.328033 20 0.232 0.183 1.695 18 0.00 0.406 1.695 0.3018 1.7063
1738868197.3426795 20 0.232 0.183 1.695 19 0.00 0.406 1.695 0.3018 1.7063
% 1738868197.3437135 robobot/cmd/T0/leds 16 0 64 0
1738868197.3578863 20 0.232 0.183 1.695 19 0.00 0.406 1.695 0.3018 1.7063
1738868197.3728156 20 0.232 0.183 1.695 19 0.00 0.406 1.695 0.3018 1.7063
1738868197.3881836 20 0.232 0.183 1.695 19 0.00 0.406 1.695 0.3018 1.7063
1738868197.4029326 20 0.232 0.183 1.695 19 0.00 0.406 1.695 0.3018 1.7063
1738868197.4176288 20 0.232 0.183 1.695 19 0.00 0.406 1.695 0.3018 1.7063
1738868197.4328325 20 0.232 0.183 1.695 19 0.00 0.406 1.695 0.3018 1.7063
1738868197.4479449 20 0.232 0.183 1.695 19 0.00 0.406 1.695 0.3018 1.7063
1738868197.462852 20 0.232 0.183 1.695 19 0.00 0.406 1.695 0.3018 1.7063
1738868197.478542 20 0.232 0.183 1.695 19 0.00 0.406 1.695 0.3018 1.7063
1738868197.4933975 20 0.232 0.183 1.695 19 0.00 0.406 1.695 0.3018 1.7063
1738868197.5076652 20 0.232 0.183 1.695 19 0.00 0.406 1.695 0.3018 1.7063
1738868197.5244467 20 0.232 0.183 1.695 19 0.00 0.406 1.695 0.3018 1.7063
1738868197.5382042 20 0.232 0.183 1.695 19 0.00 0.406 1.695 0.3018 1.7063
1738868197.553389 20 0.232 0.183 1.695 19 0.00 0.406 1.695 0.3018 1.7063
1738868197.5687313 20 0.232 0.183 1.695 19 0.00 0.406 1.695 0.3018 1.7063
1738868197.5836413 20 0.232 0.183 1.695 19 0.00 0.406 1.695 0.3018 1.7063
1738868197.5992188 20 0.232 0.183 1.695 19 0.00 0.406 1.695 0.3018 1.7063
1738868197.6132512 20 0.232 0.183 1.695 19 0.00 0.406 1.695 0.3018 1.7063
1738868197.6286275 20 0.232 0.183 1.695 19 0.00 0.406 1.695 0.3018 1.7063
1738868197.644106 20 0.232 0.183 1.695 19 0.00 0.406 1.695 0.3018 1.7063
1738868197.659233 20 0.232 0.183 1.695 19 0.00 0.406 1.695 0.3018 1.7063
1738868197.6738396 20 0.232 0.183 1.695 19 0.00 0.406 1.695 0.3018 1.7063
1738868197.688858 20 0.232 0.183 1.695 19 0.00 0.406 1.695 0.3018 1.7063
1738868197.7039382 20 0.232 0.183 1.695 19 0.00 0.406 1.695 0.3018 1.7063
1738868197.7191043 20 0.232 0.183 1.695 19 0.00 0.406 1.695 0.3018 1.7063
1738868197.7346199 20 0.232 0.183 1.695 19 0.00 0.406 1.695 0.3018 1.7063
1738868197.748625 20 0.232 0.183 1.695 20 0.00 0.406 1.695 0.3018 1.7063
1738868197.7638264 20 0.232 0.183 1.695 20 0.00 0.406 1.695 0.3018 1.7063
1738868197.7789164 20 0.232 0.183 1.695 20 0.00 0.406 1.695 0.3018 1.7063
1738868197.7939725 20 0.232 0.183 1.695 20 0.00 0.406 1.695 0.3018 1.7063
1738868197.8092887 20 0.232 0.183 1.695 20 0.00 0.406 1.695 0.3018 1.7063
1738868197.8238502 20 0.232 0.183 1.695 20 0.00 0.406 1.695 0.3018 1.7063
% 1738868197.8386302 robobot/cmd/ti/alive 2025-02-06 19:56:29.193156
1738868197.8390255 20 0.232 0.183 1.695 20 0.00 0.406 1.695 0.3018 1.7063
1738868197.8537972 20 0.232 0.183 1.695 20 0.00 0.406 1.695 0.3018 1.7063
1738868197.8690872 20 0.232 0.183 1.695 20 0.00 0.406 1.695 0.3018 1.7063
1738868197.8841214 20 0.232 0.183 1.695 20 0.00 0.406 1.695 0.3018 1.7063
1738868197.8984182 20 0.232 0.183 1.695 20 0.00 0.406 1.695 0.3018 1.7063
1738868197.9137201 20 0.232 0.183 1.695 20 0.00 0.406 1.695 0.3018 1.7063
1738868197.9291368 20 0.232 0.183 1.695 20 0.00 0.406 1.695 0.3018 1.7063
1738868197.943726 20 0.232 0.183 1.695 20 0.00 0.406 1.695 0.3018 1.7063
1738868197.9587443 20 0.232 0.183 1.695 20 0.00 0.406 1.695 0.3018 1.7063
1738868197.9736624 20 0.232 0.183 1.695 20 0.00 0.406 1.695 0.3018 1.7063
1738868197.9892626 20 0.232 0.183 1.695 20 0.00 0.406 1.695 0.3018 1.7063
1738868198.0046153 20 0.232 0.183 1.695 20 0.00 0.406 1.695 0.3018 1.7063
1738868198.0186713 20 0.232 0.183 1.695 20 0.00 0.406 1.695 0.3018 1.7063
1738868198.0336835 20 0.232 0.183 1.695 20 0.00 0.406 1.695 0.3018 1.7063
1738868198.0494947 20 0.232 0.183 1.695 20 0.00 0.406 1.695 0.3018 1.7063
1738868198.0646036 20 0.232 0.183 1.695 20 0.00 0.406 1.695 0.3018 1.7063
1738868198.0787094 20 0.232 0.183 1.695 20 0.00 0.406 1.695 0.3018 1.7063
1738868198.0937414 20 0.232 0.183 1.695 20 0.00 0.406 1.695 0.3018 1.7063
1738868198.1091173 20 0.232 0.183 1.695 20 0.00 0.406 1.695 0.3018 1.7063
1738868198.124971 20 0.232 0.183 1.695 20 0.00 0.406 1.695 0.3018 1.7063
1738868198.1393704 20 0.232 0.183 1.695 20 0.00 0.406 1.695 0.3018 1.7063
% 1738868198.1426218 robobot/cmd/T0/leds 16 0 30 30
1738868198.1539056 20 0.232 0.183 1.695 21 0.00 0.406 1.695 0.3018 1.7063
1738868198.169011 20 0.232 0.183 1.695 21 0.00 0.406 1.695 0.3018 1.7063
1738868198.1842852 20 0.232 0.183 1.695 21 0.00 0.406 1.695 0.3018 1.7063
1738868198.1985834 20 0.232 0.183 1.695 21 -0.03 0.406 1.695 0.3018 1.7063
1738868198.2138112 20 0.232 0.183 1.695 21 -0.03 0.406 1.695 0.3018 1.7063
1738868198.2287874 20 0.232 0.183 1.695 21 -0.03 0.406 1.695 0.3018 1.7063
1738868198.244121 20 0.232 0.183 1.695 21 -0.03 0.406 1.695 0.3018 1.7063
1738868198.2593791 20 0.232 0.183 1.695 21 -0.04 0.406 1.695 0.3018 1.7063
1738868198.274691 20 0.232 0.183 1.695 21 -0.04 0.406 1.695 0.3018 1.7063
1738868198.2888925 20 0.232 0.183 1.695 21 -0.04 0.406 1.695 0.3018 1.7063
1738868198.3042872 20 0.232 0.183 1.695 21 -0.04 0.406 1.695 0.3018 1.7063
1738868198.3190265 20 0.232 0.183 1.695 21 -0.04 0.406 1.695 0.3018 1.7063
1738868198.3358443 20 0.232 0.183 1.695 21 -0.04 0.406 1.695 0.3018 1.7063
1738868198.349447 20 0.232 0.183 1.695 21 -0.04 0.406 1.695 0.3018 1.7063
1738868198.364085 20 0.232 0.183 1.695 21 -0.04 0.406 1.695 0.3018 1.7063
1738868198.378885 20 0.232 0.183 1.695 21 -0.04 0.406 1.695 0.3018 1.7063
1738868198.3948333 20 0.232 0.183 1.695 21 -0.04 0.406 1.695 0.3018 1.7063
1738868198.409022 20 0.232 0.183 1.695 21 -0.04 0.406 1.695 0.3018 1.7063
1738868198.424093 20 0.232 0.183 1.695 21 -0.04 0.406 1.695 0.3018 1.7063
1738868198.4394517 20 0.232 0.183 1.695 21 -0.05 0.406 1.695 0.3018 1.7063
1738868198.4547622 20 0.232 0.183 1.695 21 -0.05 0.406 1.695 0.3018 1.7063
1738868198.4689882 20 0.232 0.183 1.695 21 -0.05 0.406 1.695 0.3018 1.7063
1738868198.4838302 20 0.232 0.183 1.695 21 -0.05 0.406 1.695 0.3018 1.7063
1738868198.4996598 20 0.232 0.183 1.695 21 -0.05 0.406 1.695 0.3018 1.7063
1738868198.5150115 20 0.232 0.183 1.695 21 -0.05 0.406 1.695 0.3018 1.7063
1738868198.530176 20 0.232 0.183 1.695 21 -0.05 0.406 1.695 0.3018 1.7063
1738868198.5453215 20 0.232 0.183 1.695 22 -0.05 0.406 1.695 0.3018 1.7063
1738868198.5597749 20 0.232 0.183 1.695 22 -0.05 0.406 1.695 0.3018 1.7063
1738868198.5743496 20 0.232 0.183 1.695 22 -0.05 0.406 1.695 0.3018 1.7063
1738868198.58952 20 0.232 0.183 1.695 22 -0.05 0.406 1.695 0.3018 1.7063
1738868198.6048312 20 0.232 0.183 1.695 22 -0.06 0.406 1.695 0.3018 1.7063
1738868198.6193461 20 0.232 0.183 1.695 22 -0.06 0.406 1.695 0.3018 1.7063
1738868198.6352658 20 0.232 0.183 1.695 22 -0.06 0.406 1.695 0.3018 1.7063
% 1738868198.6494093 robobot/cmd/ti/alive 2025-02-06 19:56:29.193156
1738868198.6506789 20 0.232 0.183 1.695 22 -0.05 0.406 1.695 0.3018 1.7063
1738868198.6651886 20 0.232 0.183 1.695 22 -0.05 0.406 1.695 0.3018 1.7063
1738868198.6795464 20 0.232 0.183 1.695 22 -0.06 0.406 1.695 0.3018 1.7063
1738868198.6953063 20 0.232 0.183 1.695 22 -0.06 0.406 1.695 0.3018 1.7063
1738868198.7102203 20 0.232 0.183 1.695 22 -0.06 0.406 1.695 0.3018 1.7063
1738868198.726071 20 0.232 0.183 1.695 22 -0.06 0.406 1.695 0.3018 1.7063
1738868198.7408617 20 0.232 0.183 1.695 22 -0.06 0.406 1.695 0.3018 1.7063
1738868198.7550871 20 0.232 0.183 1.695 22 -0.05 0.406 1.695 0.3018 1.7063
1738868198.7697027 20 0.232 0.183 1.695 22 -0.05 0.406 1.695 0.3018 1.7063
1738868198.7842798 20 0.232 0.183 1.695 22 -0.05 0.406 1.695 0.3018 1.7063
1738868198.8002107 20 0.232 0.183 1.695 22 -0.05 0.406 1.695 0.3018 1.7063
1738868198.8154104 20 0.232 0.183 1.695 22 -0.06 0.406 1.695 0.3018 1.7063
1738868198.829626 20 0.232 0.183 1.695 22 -0.06 0.406 1.695 0.3018 1.7063
1738868198.8445086 20 0.232 0.183 1.695 22 -0.06 0.406 1.695 0.3018 1.7063
1738868198.8604343 20 0.232 0.183 1.695 22 -0.05 0.406 1.695 0.3018 1.7063
1738868198.874659 20 0.232 0.183 1.695 22 -0.06 0.406 1.695 0.3018 1.7063
1738868198.88986 20 0.232 0.183 1.695 22 -0.06 0.406 1.695 0.3018 1.7063
1738868198.904824 20 0.232 0.183 1.695 22 -0.06 0.406 1.695 0.3018 1.7063
1738868198.9202056 20 0.232 0.183 1.695 22 -0.05 0.406 1.695 0.3018 1.7063
1738868198.9347856 20 0.232 0.183 1.695 22 -0.05 0.406 1.695 0.3018 1.7063
% 1738868198.9437215 robobot/cmd/T0/leds 16 0 64 0
1738868198.9497793 20 0.232 0.183 1.695 23 -0.05 0.406 1.695 0.3018 1.7063
1738868198.9653246 20 0.232 0.183 1.695 23 -0.06 0.406 1.695 0.3018 1.7063
1738868198.9794903 20 0.232 0.183 1.695 23 -0.06 0.406 1.695 0.3018 1.7063
1738868198.9952338 20 0.232 0.183 1.695 23 -0.06 0.406 1.695 0.3018 1.7063
1738868199.009607 20 0.232 0.183 1.695 23 -0.06 0.406 1.695 0.3018 1.7063
1738868199.0254161 20 0.232 0.183 1.695 23 -0.06 0.406 1.695 0.3018 1.7063
1738868199.0397725 20 0.232 0.183 1.695 23 -0.09 0.406 1.695 0.3018 1.7063
1738868199.0553677 20 0.232 0.183 1.695 23 -0.07 0.406 1.695 0.3018 1.7063
1738868199.0706434 20 0.232 0.183 1.695 23 -0.07 0.406 1.695 0.3018 1.7063
1738868199.0858114 20 0.232 0.183 1.695 23 -0.06 0.406 1.695 0.3018 1.7063
1738868199.0998955 20 0.232 0.183 1.695 23 -0.06 0.406 1.695 0.3018 1.7063
1738868199.1155572 20 0.232 0.183 1.695 23 -0.06 0.406 1.695 0.3018 1.7063
1738868199.1306243 20 0.232 0.183 1.695 23 -0.06 0.406 1.695 0.3018 1.7063
1738868199.1457317 20 0.232 0.183 1.695 23 -0.06 0.406 1.695 0.3018 1.7063
1738868199.160099 20 0.232 0.183 1.695 23 -0.06 0.406 1.695 0.3018 1.7063
1738868199.1750972 20 0.232 0.183 1.695 23 -0.06 0.406 1.695 0.3018 1.7063
1738868199.1908925 20 0.232 0.183 1.695 23 -0.06 0.406 1.695 0.3018 1.7063
1738868199.204787 20 0.232 0.183 1.695 23 -0.06 0.406 1.695 0.3018 1.7063
1738868199.2199688 20 0.232 0.183 1.695 23 -0.06 0.406 1.695 0.3018 1.7063
1738868199.2353113 20 0.232 0.183 1.695 23 -0.06 0.406 1.695 0.3018 1.7063
1738868199.2506251 20 0.232 0.183 1.695 23 -0.06 0.406 1.695 0.3018 1.7063
1738868199.2660825 20 0.232 0.183 1.695 23 -0.06 0.406 1.695 0.3018 1.7063
1738868199.2808712 20 0.232 0.183 1.695 23 -0.06 0.406 1.695 0.3018 1.7063
1738868199.2952883 20 0.232 0.183 1.695 23 -0.06 0.406 1.695 0.3018 1.7063
1738868199.310287 20 0.232 0.183 1.695 23 -0.06 0.406 1.695 0.3018 1.7063
1738868199.3267083 20 0.232 0.183 1.695 23 -0.06 0.406 1.695 0.3018 1.7063
1738868199.3404784 20 0.232 0.183 1.695 24 -0.06 0.406 1.695 0.3018 1.7063
1738868199.3562977 20 0.232 0.183 1.695 24 -0.06 0.406 1.695 0.3018 1.7063
1738868199.3698363 20 0.232 0.183 1.695 24 -0.06 0.406 1.695 0.3018 1.7063
1738868199.3856523 20 0.232 0.183 1.695 24 -0.06 0.406 1.695 0.3018 1.7063
1738868199.4004254 20 0.232 0.183 1.695 24 -0.06 0.406 1.695 0.3018 1.7063
1738868199.4149926 20 0.232 0.183 1.695 24 -0.06 0.406 1.695 0.3018 1.7063
1738868199.430117 20 0.232 0.183 1.695 24 -0.06 0.406 1.695 0.3018 1.7063
% 1738868199.4419556 robobot/cmd/ti/alive 2025-02-06 19:56:29.193156
1738868199.446404 20 0.232 0.183 1.695 24 -0.06 0.406 1.695 0.3018 1.7063
1738868199.4607196 20 0.232 0.183 1.695 24 -0.06 0.406 1.695 0.3018 1.7063
1738868199.476185 20 0.232 0.183 1.695 24 -0.06 0.406 1.695 0.3018 1.7063
1738868199.4913092 20 0.232 0.183 1.695 24 -0.06 0.406 1.695 0.3018 1.7063
1738868199.5061212 20 0.232 0.183 1.695 24 -0.06 0.406 1.695 0.3018 1.7063
1738868199.5214522 20 0.232 0.183 1.695 24 -0.06 0.406 1.695 0.3018 1.7063
1738868199.5375693 20 0.232 0.183 1.695 24 -0.06 0.406 1.695 0.3018 1.7063
1738868199.5505433 20 0.232 0.183 1.695 24 -0.06 0.406 1.695 0.3018 1.7063
1738868199.5657372 20 0.232 0.183 1.695 24 -0.06 0.406 1.695 0.3018 1.7063
1738868199.580944 20 0.232 0.183 1.695 24 -0.06 0.406 1.695 0.3018 1.7063
1738868199.5962324 20 0.232 0.183 1.695 24 -0.06 0.406 1.695 0.3018 1.7063
1738868199.611333 20 0.232 0.183 1.695 24 -0.06 0.406 1.695 0.3018 1.7063
1738868199.625634 20 0.232 0.183 1.695 24 -0.06 0.406 1.695 0.3018 1.7063
1738868199.6408305 20 0.232 0.183 1.695 24 -0.06 0.406 1.695 0.3018 1.7063
1738868199.6561813 20 0.232 0.183 1.695 24 -0.06 0.406 1.695 0.3018 1.7063
1738868199.6705887 20 0.232 0.183 1.695 24 -0.05 0.406 1.695 0.3018 1.7063
1738868199.6859264 20 0.232 0.183 1.695 24 -0.06 0.406 1.695 0.3018 1.7063
1738868199.7011054 20 0.232 0.183 1.695 24 -0.06 0.406 1.695 0.3018 1.7063
1738868199.715829 20 0.232 0.183 1.695 24 -0.06 0.406 1.695 0.3018 1.7063
1738868199.7307775 20 0.232 0.183 1.695 24 -0.06 0.406 1.695 0.3018 1.7063
1738868199.745661 20 0.232 0.183 1.695 25 -0.06 0.406 1.695 0.3018 1.7063
% 1738868199.74761 robobot/cmd/T0/leds 16 0 30 30
1738868199.7610703 20 0.232 0.183 1.695 25 -0.06 0.406 1.695 0.3018 1.7063
1738868199.776236 20 0.232 0.183 1.695 25 -0.06 0.406 1.695 0.3018 1.7063
1738868199.7909703 20 0.232 0.183 1.695 25 -0.06 0.406 1.695 0.3018 1.7063
1738868199.8064563 20 0.232 0.183 1.695 25 -0.06 0.406 1.695 0.3018 1.7063
1738868199.820371 20 0.232 0.183 1.695 25 -0.06 0.406 1.695 0.3018 1.7063
1738868199.836005 20 0.232 0.183 1.695 25 -0.06 0.406 1.695 0.3018 1.7063
1738868199.8511226 20 0.232 0.183 1.695 25 -0.06 0.406 1.695 0.3018 1.7063
1738868199.8665369 20 0.232 0.183 1.695 25 -0.06 0.406 1.695 0.3018 1.7063
1738868199.880929 20 0.232 0.183 1.695 25 -0.06 0.406 1.695 0.3018 1.7063
1738868199.8962831 20 0.232 0.183 1.695 25 -0.06 0.406 1.695 0.3018 1.7063
1738868199.9108257 20 0.232 0.183 1.695 25 -0.06 0.406 1.695 0.3018 1.7063
1738868199.9274175 20 0.232 0.183 1.695 25 -0.05 0.406 1.695 0.3018 1.7063
1738868199.9420974 20 0.232 0.183 1.695 25 -0.05 0.406 1.695 0.3018 1.7063
1738868199.9555922 20 0.232 0.183 1.695 25 -0.05 0.406 1.695 0.3018 1.7063
1738868199.9709024 20 0.232 0.183 1.695 25 -0.06 0.406 1.695 0.3018 1.7063
1738868199.9865024 20 0.232 0.183 1.695 25 -0.06 0.406 1.695 0.3018 1.7063
1738868200.0016203 20 0.232 0.183 1.695 25 -0.06 0.406 1.695 0.3018 1.7063
1738868200.0158582 20 0.232 0.183 1.695 25 -0.05 0.406 1.695 0.3018 1.7063
1738868200.0314035 20 0.232 0.183 1.695 25 -0.05 0.406 1.695 0.3018 1.7063
1738868200.0466833 20 0.232 0.183 1.695 25 -0.05 0.406 1.695 0.3018 1.7063
1738868200.0612035 20 0.232 0.183 1.695 25 -0.06 0.406 1.695 0.3018 1.7063
1738868200.0764413 20 0.232 0.183 1.695 25 -0.05 0.406 1.695 0.3018 1.7063
1738868200.0917087 20 0.232 0.183 1.695 25 -0.06 0.406 1.695 0.3018 1.7063
1738868200.1071963 20 0.232 0.183 1.695 25 -0.05 0.406 1.695 0.3018 1.7063
1738868200.1234677 20 0.232 0.183 1.695 25 -0.05 0.406 1.695 0.3018 1.7063
1738868200.138743 20 0.232 0.183 1.695 26 -0.05 0.406 1.695 0.3018 1.7063
1738868200.1512246 20 0.232 0.183 1.695 26 -0.05 0.406 1.695 0.3018 1.7063
1738868200.1674657 20 0.232 0.183 1.695 26 -0.05 0.406 1.695 0.3018 1.7063
1738868200.1820247 20 0.232 0.183 1.695 26 -0.05 0.406 1.695 0.3018 1.7063
1738868200.1964507 20 0.232 0.183 1.695 26 -0.05 0.406 1.695 0.3018 1.7063
1738868200.2112556 20 0.232 0.183 1.695 26 -0.05 0.406 1.695 0.3018 1.7063
1738868200.2269237 20 0.232 0.183 1.695 26 -0.05 0.406 1.695 0.3018 1.7063
1738868200.2420769 20 0.232 0.183 1.695 26 -0.05 0.406 1.695 0.3018 1.7063
% 1738868200.246419 robobot/cmd/ti/alive 2025-02-06 19:56:29.193156
1738868200.2564256 20 0.232 0.183 1.695 26 0.00 0.406 1.695 0.3018 1.7063
1738868200.2714243 20 0.232 0.183 1.695 26 0.00 0.406 1.695 0.3018 1.7063
1738868200.2871013 20 0.232 0.183 1.695 26 0.00 0.406 1.695 0.3018 1.7063
1738868200.302241 20 0.232 0.183 1.695 26 0.00 0.406 1.695 0.3018 1.7063
1738868200.316757 20 0.232 0.183 1.695 26 0.00 0.406 1.695 0.3018 1.7063
1738868200.3339765 20 0.232 0.183 1.695 26 0.00 0.406 1.695 0.3018 1.7063
1738868200.3471844 20 0.232 0.183 1.695 26 0.00 0.406 1.695 0.3018 1.7063
1738868200.3625333 20 0.232 0.183 1.695 26 0.00 0.406 1.695 0.3018 1.7063
1738868200.3770928 20 0.232 0.183 1.695 26 0.00 0.406 1.695 0.3018 1.7063
1738868200.3921444 20 0.232 0.183 1.695 26 0.00 0.406 1.695 0.3018 1.7063
1738868200.407313 20 0.232 0.183 1.695 26 0.00 0.406 1.695 0.3018 1.7063
1738868200.421672 20 0.232 0.183 1.695 26 0.00 0.406 1.695 0.3018 1.7063
1738868200.4370396 20 0.232 0.183 1.695 26 0.00 0.406 1.695 0.3018 1.7063
1738868200.4525607 20 0.232 0.183 1.695 26 0.00 0.406 1.695 0.3018 1.7063
1738868200.466473 20 0.232 0.183 1.695 26 0.00 0.406 1.695 0.3018 1.7063
1738868200.4819863 20 0.232 0.183 1.695 26 0.00 0.406 1.695 0.3018 1.7063
1738868200.497386 20 0.232 0.183 1.695 26 0.00 0.406 1.695 0.3018 1.7063
1738868200.5118089 20 0.232 0.183 1.695 26 0.00 0.406 1.695 0.3018 1.7063
1738868200.5268512 20 0.232 0.183 1.695 26 0.00 0.406 1.695 0.3018 1.7063
% 1738868200.5404346 robobot/cmd/T0/leds 16 0 64 0
1738868200.5423303 20 0.232 0.183 1.695 27 0.00 0.406 1.695 0.3018 1.7063
1738868200.5566943 20 0.232 0.183 1.695 27 0.00 0.406 1.695 0.3018 1.7063
1738868200.571685 20 0.232 0.183 1.695 27 0.00 0.406 1.695 0.3018 1.7063
1738868200.5869267 20 0.232 0.183 1.695 27 0.00 0.406 1.695 0.3018 1.7063
1738868200.6024828 20 0.232 0.183 1.695 27 0.00 0.406 1.695 0.3018 1.7063
1738868200.6167872 20 0.232 0.183 1.695 27 0.00 0.406 1.695 0.3018 1.7063
1738868200.632314 20 0.232 0.183 1.695 27 0.00 0.406 1.695 0.3018 1.7063
1738868200.6473203 20 0.232 0.183 1.695 27 0.00 0.406 1.695 0.3018 1.7063
1738868200.66281 20 0.232 0.183 1.695 27 0.00 0.406 1.695 0.3018 1.7063
1738868200.6772416 20 0.232 0.183 1.695 27 0.00 0.406 1.695 0.3018 1.7063
1738868200.692402 20 0.232 0.183 1.695 27 0.00 0.406 1.695 0.3018 1.7063
1738868200.7077847 20 0.232 0.183 1.695 27 0.00 0.406 1.695 0.3018 1.7063
1738868200.7243292 20 0.232 0.183 1.695 27 0.00 0.406 1.695 0.3018 1.7063
1738868200.7381184 20 0.232 0.183 1.695 27 0.00 0.406 1.695 0.3018 1.7063
1738868200.7519271 20 0.232 0.183 1.695 27 0.00 0.406 1.695 0.3018 1.7063
1738868200.767428 20 0.232 0.183 1.695 27 0.00 0.406 1.695 0.3018 1.7063
1738868200.7824008 20 0.232 0.183 1.695 27 0.00 0.406 1.695 0.3018 1.7063
1738868200.7978573 20 0.232 0.183 1.695 27 0.00 0.406 1.695 0.3018 1.7063
1738868200.8132427 20 0.232 0.183 1.695 27 0.00 0.406 1.695 0.3018 1.7063
1738868200.827404 20 0.232 0.183 1.695 27 0.00 0.406 1.695 0.3018 1.7063
1738868200.8423288 20 0.232 0.183 1.695 27 0.00 0.406 1.695 0.3018 1.7063
1738868200.8578417 20 0.232 0.183 1.695 27 0.00 0.406 1.695 0.3018 1.7063
1738868200.8728998 20 0.232 0.183 1.695 27 0.00 0.406 1.695 0.3018 1.7063
1738868200.8884747 20 0.232 0.183 1.695 27 0.00 0.406 1.695 0.3018 1.7063
1738868200.902613 20 0.232 0.183 1.695 27 0.00 0.406 1.695 0.3018 1.7063
1738868200.9182322 20 0.232 0.183 1.695 27 0.00 0.406 1.695 0.3018 1.7063
1738868200.9347367 20 0.232 0.183 1.695 27 0.00 0.406 1.695 0.3018 1.7063
1738868200.9475243 20 0.232 0.183 1.695 28 0.00 0.406 1.695 0.3018 1.7063
1738868200.9627848 20 0.232 0.183 1.695 28 0.00 0.406 1.695 0.3018 1.7063
1738868200.9781303 20 0.232 0.183 1.695 28 0.00 0.406 1.695 0.3018 1.7063
1738868200.9931955 20 0.232 0.183 1.695 28 0.00 0.406 1.695 0.3018 1.7063
1738868201.0076783 20 0.232 0.183 1.695 28 0.00 0.406 1.695 0.3018 1.7063
1738868201.0231786 20 0.232 0.183 1.695 28 0.00 0.406 1.695 0.3018 1.7063
1738868201.0383089 20 0.232 0.183 1.695 28 0.00 0.406 1.695 0.3018 1.7063
% 1738868201.039429 robobot/cmd/ti/alive 2025-02-06 19:56:29.193156
1738868201.05278 20 0.232 0.183 1.695 28 0.00 0.406 1.695 0.3018 1.7063
1738868201.068126 20 0.232 0.183 1.695 28 0.00 0.406 1.695 0.3018 1.7063
1738868201.0833704 20 0.232 0.183 1.695 28 0.00 0.406 1.695 0.3018 1.7063
1738868201.0977273 20 0.232 0.183 1.695 28 0.00 0.406 1.695 0.3018 1.7063
1738868201.113114 20 0.232 0.183 1.695 28 0.00 0.406 1.695 0.3018 1.7063
1738868201.1278014 20 0.232 0.183 1.695 28 0.00 0.406 1.695 0.3018 1.7063
1738868201.1436732 20 0.232 0.183 1.695 28 0.00 0.406 1.695 0.3018 1.7063
1738868201.158267 20 0.232 0.183 1.695 28 0.00 0.406 1.695 0.3018 1.7063
1738868201.1733663 20 0.232 0.183 1.695 28 0.00 0.406 1.695 0.3018 1.7063
1738868201.1884058 20 0.232 0.183 1.695 28 0.00 0.406 1.695 0.3018 1.7063
1738868201.203562 20 0.232 0.183 1.695 28 0.00 0.406 1.695 0.3018 1.7063
1738868201.2176857 20 0.232 0.183 1.695 28 0.00 0.406 1.695 0.3018 1.7063
1738868201.2329605 20 0.232 0.183 1.695 28 0.00 0.406 1.695 0.3018 1.7063
1738868201.2485554 20 0.232 0.183 1.695 28 0.00 0.406 1.695 0.3018 1.7063
1738868201.2634773 20 0.232 0.183 1.695 28 0.00 0.406 1.695 0.3018 1.7063
1738868201.278094 20 0.232 0.183 1.695 28 0.00 0.406 1.695 0.3018 1.7063
1738868201.2931101 20 0.232 0.183 1.695 28 0.00 0.406 1.695 0.3018 1.7063
1738868201.3083506 20 0.232 0.183 1.695 28 0.00 0.406 1.695 0.3018 1.7063
1738868201.324275 20 0.232 0.183 1.695 28 0.00 0.406 1.695 0.3018 1.7063
1738868201.3414032 20 0.232 0.183 1.695 28 0.00 0.406 1.695 0.3018 1.7063
% 1738868201.3432765 robobot/cmd/T0/leds 16 0 30 30
1738868201.353059 20 0.232 0.183 1.695 29 0.00 0.406 1.695 0.3018 1.7063
1738868201.3681245 20 0.232 0.183 1.695 29 0.00 0.406 1.695 0.3018 1.7063
1738868201.3833597 20 0.232 0.183 1.695 29 0.00 0.406 1.695 0.3018 1.7063
1738868201.3988996 20 0.232 0.183 1.695 29 0.00 0.406 1.695 0.3018 1.7063
1738868201.4129863 20 0.232 0.183 1.695 29 0.00 0.406 1.695 0.3018 1.7063
1738868201.4282608 20 0.232 0.183 1.695 29 0.00 0.406 1.695 0.3018 1.7063
1738868201.4434462 20 0.232 0.183 1.695 29 0.00 0.406 1.695 0.3018 1.7063
1738868201.4588687 20 0.232 0.183 1.695 29 0.00 0.406 1.695 0.3018 1.7063
1738868201.4739246 20 0.232 0.183 1.695 29 0.00 0.406 1.695 0.3018 1.7063
1738868201.4895234 20 0.232 0.183 1.695 29 0.00 0.406 1.695 0.3018 1.7063
1738868201.5047696 20 0.232 0.183 1.695 29 0.00 0.406 1.695 0.3018 1.7063
1738868201.5190635 20 0.232 0.183 1.695 29 0.00 0.406 1.695 0.3018 1.7063
1738868201.5346477 20 0.232 0.183 1.695 29 0.00 0.406 1.695 0.3018 1.7063
1738868201.5493174 20 0.232 0.183 1.695 29 0.00 0.406 1.695 0.3018 1.7063
1738868201.5640163 20 0.232 0.183 1.695 29 0.00 0.406 1.695 0.3018 1.7063
1738868201.5787551 20 0.232 0.183 1.695 29 0.00 0.406 1.695 0.3018 1.7063
1738868201.594028 20 0.232 0.183 1.695 29 0.00 0.406 1.695 0.3018 1.7063
1738868201.60949 20 0.232 0.183 1.695 29 0.00 0.406 1.695 0.3018 1.7063
1738868201.6248775 20 0.232 0.183 1.695 29 0.00 0.406 1.695 0.3018 1.7063
1738868201.638792 20 0.232 0.183 1.695 29 0.00 0.406 1.695 0.3018 1.7063
1738868201.6540225 20 0.232 0.183 1.695 29 0.00 0.406 1.695 0.3018 1.7063
1738868201.6695657 20 0.232 0.183 1.695 29 0.00 0.406 1.695 0.3018 1.7063
1738868201.6844366 20 0.232 0.183 1.695 29 0.00 0.406 1.695 0.3018 1.7063
1738868201.6994977 20 0.232 0.183 1.695 29 0.00 0.406 1.695 0.3018 1.7063
1738868201.714802 20 0.232 0.183 1.695 29 0.00 0.406 1.695 0.3018 1.7063
1738868201.728973 20 0.232 0.183 1.695 29 0.00 0.406 1.695 0.3018 1.7063
1738868201.7387264 99 0.232 0.183 1.695 30 0.00 0.406 1.695 0.3018 1.7063
% 1738868201.7387822 % State change from 20 to 99
1738868201.743799 99 0.232 0.183 1.695 30 0.00 0.406 1.695 0.3018 1.7063
1738868201.7589998 99 0.232 0.183 1.695 30 0.00 0.406 1.695 0.3018 1.7063
1738868201.774813 99 0.232 0.183 1.695 30 0.00 0.406 1.695 0.3018 1.7063
1738868201.7888024 99 0.232 0.183 1.695 30 0.00 0.406 1.695 0.3018 1.7063
1738868201.804154 99 0.232 0.183 1.695 30 0.00 0.406 1.695 0.3018 1.7063
1738868201.8190954 99 0.232 0.183 1.695 30 0.00 0.406 1.695 0.3018 1.7063
1738868201.8347418 99 0.232 0.183 1.695 30 0.00 0.406 1.695 0.3018 1.7063
% 1738868201.8394027 robobot/cmd/ti/alive 2025-02-06 19:56:29.193156
% 1738868201.8397136 robobot/cmd/T0/leds 16 0 0 0
% 1738868201.840165 robobot/cmd/ti/rc 0 0
1738868201.8493326 99 0.232 0.183 1.695 30 0.00 0.406 1.695 0.3018 1.7063
1738868201.8642828 99 0.232 0.183 1.695 30 0.00 0.406 1.695 0.3018 1.7063
1738868201.8794155 99 0.232 0.183 1.695 30 0.00 0.406 1.695 0.3018 1.7063
% 1738868201.8906941 robobot/cmd/T0/stop  
% 1738868201.8909376 robobot/cmd/T0/leds 14 0 0 0
1738868201.8943295 99 0.232 0.183 1.695 30 0.00 0.406 1.695 0.3018 1.7063
% 1738868201.9012303 robobot/cmd/T0/leds 15 0 0 0
% 1738868201.9014184 robobot/cmd/T0/leds 16 0 0 0
1738868201.9090009 99 0.232 0.183 1.695 30 0.00 0.406 1.695 0.3018 1.7063
% 1738868201.9117284 robobot/cmd/ti/log 0
% 1738868201.9149373 robobot/cmd/T0/lip 0
